1
                 S.N.  81410   YANTIAN               LAT.  22.35'   LON. 114.16'         2014.  LEV.  196  W.L.  353    H.G.Y.2009

         0    1    2    3    4    5    6    7    8    9   10   11   12   13   14   15   16   17   18   19   20   21   22   23 TIME   HT TIME   HT TIME   LT TIME   LT
+
       218  202  200  198  211  260  310  315  301  316  334  322  282  231  185  152  116  120  153  176  173  180  220  253 1016  336 2259  253  140  196 1631  113
  614  187  172  162  158  178  224  266  278  276  286  299  286  245  197  153  112   87   94  122  139  143  160  192  211 1000  299 2310  211  239  157 1616   85
        31   30   38   40   33   36   44   37   25   30   35   36   37   34   32   40   29   26   31   37   30   20   28   42        37        42        39        28
                                                                                                                                                                     
       238  217  210  195  189  222  280  305  300  294  306  320  307  261  203  158  121  101  110  139  160  156  163  199 1129  323            351  186 1707   98
  615  202  183  172  163  163  191  241  277  279  276  291  303  282  235  188  146  106   87  103  131  143  146  167  200 1052  303 2359  214  330  160 1703   87
        36   34   38   32   26   31   39   28   21   18   15   17   25   26   15   12   15   14    7    8   17   10   -4   -1        20      -214        26        11
                 max                                                                                                                                                 
       225  211  192  180  166  162  198  249  283  286  277  279  288  277  229  180  139  102   83  102  141  156  148  161  841  290            441  158          
  616  214  200  183  175  168  170  202  251  278  275  274  291  299  272  224  181  142  107   95  116  142  149  152  176  823  281 1143  300  414  168  934  272
        11   11    9    5   -2   -8   -4   -2    5   11    3  -12  -11    5    5   -1   -3   -5  -12  -14   -1    7   -4  -15         9      -300       -10      -272
                                                                                                                                                                     
       195  209  204  189  173  163  169  206  252  269  269  252  264  281  260  214  178  130   95   89  117  143  152  150   37  211  925  275  522  157 1831   81
  617  207  215  201  187  180  172  176  209  252  271  264  266  282  285  255  212  175  140  110  106  129  152  155  160   51  216 1234  288  510  172 1840  104
       -12   -6    3    2   -7   -9   -7   -3    0   -2    5  -14  -18   -4    5    2    3  -10  -15  -17  -12   -9   -3  -10        -5       -13       -15       -23
                                                                                                                                                                     
1
                 S.N.      0   HUIZHOU               LAT.  22.42'   LON. 114.34'         2014.  LEV.  222  W.L.    0    H.G.Y.2009

         0    1    2    3    4    5    6    7    8    9   10   11   12   13   14   15   16   17   18   19   20   21   22   23 TIME   HT TIME   HT TIME   LT TIME   LT
+
       238  231  227  224  239  293  350  348  317  333  372  360  301  251  221  180  141  142  190  215  197  194  248  290 1021  377 2311  292  316  222 1628  134
  614  207  195  190  182  200  257  308  308  288  302  333  322  267  214  180  142  109  118  157  175  164  174  218  246 1014  334 2307  247  247  182 1617  108
        31   36   37   42   39   36   42   40   29   31   39   38   34   37   41   38   32   24   33   40   33   20   30   44        43        45        40        26
                                                                                                                                                                     
       276  238  229  227  220  239  313  357  333  293  330  368  342  276  229  191  149  125  141  181  192  177  184  225           1108  370  406  219          
  615  229  203  195  191  186  214  278  319  304  285  310  341  317  255  206  175  136  109  129  170  177  163  181  230  714  320 1104  341  339  184  856  285
        47   35   34   36   34   25   35   38   29    8   20   27   25   21   23   16   13   16   12   11   15   14    3   -5      -320        29        35      -285
                      max                                                                                                                                            
       261  247  218  200  191  194  223  283  329  315  286  303  328  307  255  212  170  127  109  137  179  186  171  177  811  331            421  190          
  616  251  227  203  200  195  192  228  291  319  295  282  315  339  304  241  202  174  135  116  145  182  180  166  192  801  319 1154  339  434  189  946  281
        10   20   15    0   -4    2   -5   -8   10   20    4  -12  -11    3   14   10   -4   -8   -7   -8   -3    6    5  -15        12      -339         1      -281
                                                                                                                                                                     
       227  248  235  211  199  187  194  238  290  309  285  268  292  316  292  244  206  160  117  113  149  189  184  168  111  249  853  311  524  186          
  617  240  252  225  207  207  200  198  236  293  308  281  276  311  324  283  228  198  173  137  126  160  192  184  173   48  252  850  308  532  194 1036  273
       -13   -4   10    4   -8  -13   -4    2   -3    1    4   -8  -19   -8    9   16    8  -13  -20  -13  -11   -3    0   -5        -3         3        -8      -273
                                                                                                                                                                     
1
                 S.N.    711   SHANWEI               LAT.  22.45'   LON. 115.21'         2014.  LEV.  132  W.L.  311    H.G.Y.2009

         0    1    2    3    4    5    6    7    8    9   10   11   12   13   14   15   16   17   18   19   20   21   22   23 TIME   HT TIME   HT TIME   LT TIME   LT
+
       171  153  128  133  170  221  239  231  238  264  257  236  214  182  130   89   76   89  108   98  103  135  166  167  918  268            227  125 1603   75
  614  130  111   89   97  134  173  193  194  203  221  219  197  173  137   88   54   48   56   63   64   73  100  122  126  923  223            213   88 1555   48
        41   42   39   36   36   48   46   37   35   43   38   39   41   45   42   35   28   33   45   34   30   35   44   41        45                  37        27
                                                                                                                                                                     
       174  180  144  125  145  189  235  238  226  240  262  249  230  206  156  109   76   68   84   97   90   93  118  140   33  185  628  247  303  124 1627   67
  615  131  131  107   89  106  149  186  197  195  207  225  217  194  171  131   80   52   52   62   68   66   78  108  126   24  132 1010  225  300   89 1633   51
        43   49   37   36   39   40   49   41   31   33   37   32   36   35   25   29   24   16   22   29   24   15   10   14        53        22        35        16
                                                                                                                                    max                              
       149  160  151  123  105  116  156  203  217  203  213  234  211  195  179  135   86   55   53   74   84   77   83  110  126  161 1102  235  422  103 1724   50
  616  128  136  132  106   93  117  160  192  196  192  207  221  208  188  166  124   76   55   59   71   75   72   87  116  110  136 1101  221  351   92 1719   54
        21   24   19   17   12   -1   -4   11   21   11    6   13    3    7   13   11   10    0   -6    3    9    5   -4   -6        25        14        11        -4
                                                                                                                                                                     
       129  137  152  140  104  100  126  168  201  196  184  197  212  194  185  174  123   75   51   57   79   87   82   86  210  154  813  208  444   97 1018  185
  617  129  132  142  134  107   99  125  165  189  186  183  200  209  194  178  157  115   74   60   68   81   82   80   96  203  142  823  191  444   97  939  182
         0    5   10    6   -3    1    1    3   12   10    1   -3    3    0    7   17    8    1   -9  -11   -2    5    2  -10        12        17         0         3
                                                                                                                                                                     
1
                 S.N.      0   SHANTOUH              LAT.  23.13'   LON. 116.46'         2014.  LEV.  292  W.L.  459    H.G.Y.2008

         0    1    2    3    4    5    6    7    8    9   10   11   12   13   14   15   16   17   18   19   20   21   22   23 TIME   HT TIME   HT TIME   LT TIME   LT
+
       317  342  379  396  368  335  325  325  334  350  369  365  347  343  342  333  290  243  218  208  215  244  279  309  254  400 1026  373  641  320 1908  204
  614  277  304  343  359  342  313  297  295  302  317  329  325  308  299  303  296  262  218  189  179  185  208  241  265  259  359 1015  330  641  295 1907  179
        40   38   36   37   26   22   28   30   32   33   40   40   39   44   39   37   28   25   29   29   30   36   38   44        41        43        25        25
                                                                                                                                                                     
       310  330  371  404  420  376  344  339  339  343  356  376  371  360  355  353  334  289  242  213  196  211  246  285  346  425 1106  385  634  324 2010  195
  615  271  282  317  356  362  337  309  297  297  306  322  333  324  307  304  309  295  254  211  188  182  191  218  252  342  364 1102  333  728  296 1952  182
        39   48   54   48   58   39   35   42   42   37   34   43   47   53   51   44   39   35   31   25   14   20   28   33        61        52        28        13
                           max                                                                                                                                       
       299  306  315  349  384  382  349  314  304  302  322  338  352  339  321  312  312  302  259  212  189  177  195  230  446  393 1223  358  814  295        17
  616  271  277  296  336  367  362  332  307  298  300  310  327  334  323  312  315  318  296  252  214  194  191  203  233  421  370 1153  334  821  298 1417  312
        28   29   19   13   17   20   17    7    6    2   12   11   18   16    9   -3   -6    6    7   -2   -5  -14   -8   -3        23        24        -3      -295
                                                                                                                                                                     
       270  283  286  303  338  371  363  319  291  277  278  298  323  331  315  305  298  298  290  250  211  187  176  191  513  376 1304  332  912  274 2151  174
  617  264  281  290  315  354  373  357  325  304  296  298  310  325  330  322  318  325  323  296  254  220  203  201  216  502  373 1252  330  916  296 2136  200
         6    2   -4  -12  -16   -2    6   -6  -13  -19  -20  -12   -2    1   -7  -13  -27  -25   -6   -4   -9  -16  -25  -25         3         2       -22       -26
                                                                                                                                                                     
1
                 S.N.    443   DONGSHAN              LAT.  23.44'   LON. 117.32'         2014.  LEV.  538  W.L.  750    H.G.Y.2009

         0    1    2    3    4    5    6    7    8    9   10   11   12   13   14   15   16   17   18   19   20   21   22   23 TIME   HT TIME   HT TIME   LT TIME   LT
+
       656  716  717  680  618  548  491  473  498  537  577  620  667  698  679  624  552  468  390  363  369  413  460  520  128  723 1312  699  700  473 1923  360
  614  625  681  689  652  591  524  471  453  472  509  549  593  640  668  654  601  527  444  371  332  341  382  431  489  140  691 1309  669  658  453 1918  330
        31   35   28   28   27   24   20   20   26   28   28   27   27   30   25   23   25   24   19   31   28   31   29   31        32        30        20        30
                                                                                                                                                                     
       600  682  735  729  684  609  539  488  483  511  549  588  636  684  708  680  615  533  444  376  359  368  411  462  229  741 1359  708  741  477 2020  358
  615  566  648  697  692  646  579  510  461  452  479  519  560  607  654  675  651  590  511  427  357  328  348  393  443  224  701 1357  675  745  451 2005  328
        34   34   38   37   38   30   29   27   31   32   30   28   29   30   33   29   25   22   17   19   31   20   18   19        40        33        26        30
                                                                                                                                    max                              
       523  600  682  727  710  654  583  511  468  467  499  537  579  625  670  681  642  577  499  417  364  350  363  407  311  730 1443  683  842  460 2110  349
  616  506  588  666  703  686  632  562  494  451  451  482  523  565  614  660  674  642  577  496  414  351  332  359  406  311  704 1448  674  831  447 2054  332
        17   12   16   24   24   22   21   17   17   16   17   14   14   11   10    7    0    0    3    3   13   18    4    1        26         9        13        17
                                                                                                                                                                     
       459  522  600  675  707  679  621  548  476  438  445  478  515  557  605  646  656  619  557  485  405  363  351  367  354  708 1542  658  914  434 2204  351
  617  457  523  606  676  699  672  613  542  476  441  446  480  520  563  614  657  665  630  565  485  407  352  343  374  357  699 1541  667  921  438 2143  342
         2   -1   -6   -1    8    7    8    6    0   -3   -1   -2   -5   -6   -9  -11   -9  -11   -8    0   -2   11    8   -7         9        -9        -4         9
                                                                                                                                                                     
1
                 S.N.    442   XIAMEN                LAT.  24.27'   LON. 118.04'         2014.  LEV.  358  W.L.  700    H.G.Y.2009

         0    1    2    3    4    5    6    7    8    9   10   11   12   13   14   15   16   17   18   19   20   21   22   23 TIME   HT TIME   HT TIME   LT TIME   LT
+
       624  666  598  473  366  282  213  186  228  328  440  535  608  633  570  434  297  195  112   62   87  190  298  415   53  667 1253  635  701  185 1916   58
  614  587  634  576  456  345  264  199  171  214  308  410  506  586  609  541  412  284  181   92   37   63  161  274  383   56  634 1245  611  653  171 1910   35
        37   32   22   17   21   18   14   15   14   20   30   29   22   24   29   22   13   14   20   25   24   29   24   32        33        24        14        23
                                                                                                                                                                     
       547  659  675  586  455  351  263  203  191  253  359  465  562  627  629  544  406  277  172   90   58  105  205  312  137  684 1331  639  735  187 1949   57
  615  508  619  643  559  429  323  246  184  169  230  333  435  530  605  610  521  382  257  159   72   31   79  188  299  143  647 1333  619  741  165 1957   31
        39   40   32   27   26   28   17   19   22   23   26   30   32   22   19   23   24   20   13   18   27   26   17   13        37        20        22        26
            max                                                                                                                                                      
       432  569  663  656  553  421  320  247  199  199  263  370  475  570  623  615  507  359  241  151   82   59  113  214  226  674 1427  632  821  191 2053   58
  616  410  537  637  636  531  400  303  228  170  170  245  350  450  544  610  598  496  356  239  144   64   40  103  214  229  649 1421  614  829  163 2046   37
        22   32   26   20   22   21   17   19   29   29   18   20   25   26   13   17   11    3    2    7   18   19   10    0        25        18        28        21
                                                                                                                                                                     
       315  439  570  649  622  507  379  286  215  167  175  249  343  445  535  590  571  468  333  227  145   84   69  126  315  652 1518  594  923  161 2147   66
  617  322  434  558  639  615  499  373  283  209  159  173  254  356  454  544  601  578  471  337  228  139   69   62  133  316  643 1512  603  916  156 2135   56
        -7    5   12   10    7    8    6    3    6    8    2   -5  -13   -9   -9  -11   -7   -3   -4   -1    6   15    7   -7         9        -9         5        10
                                                                                                                                                                     
1
                 S.N.  74229   CHONGWUH              LAT.  24.52'   LON. 118.56'         2014.  LEV.  470  W.L.  810    H.G.Y.2009

         0    1    2    3    4    5    6    7    8    9   10   11   12   13   14   15   16   17   18   19   20   21   22   23 TIME   HT TIME   HT TIME   LT TIME   LT
+
       765  737  644  523  403  312  270  294  383  503  625  718  754  716  608  468  331  219  155  159  233  365  513  649    5  765 1157  755       269 1829  145
  614  740  712  623  506  391  299  255  277  364  485  605  695  730  694  590  451  313  201  134  136  212  343  492  627    7  740 1159  730  609  254 1828  126
        25   25   21   17   12   13   15   17   19   18   20   23   24   22   18   17   18   18   21   23   21   22   21   22        25        25        15        19
                                                                                                                                                                     
       745  775  728  628  500  384  297  268  305  406  532  653  736  756  698  579  438  302  197  145  164  251  386  538   58  775 1248  759  653  267 1916  142
  615  722  751  704  602  479  364  279  249  289  390  516  634  716  736  681  563  419  283  178  124  144  237  376  525   52  752 1246  738  655  248 1913  123
        23   24   24   26   21   20   18   19   16   16   16   19   20   20   17   16   19   19   19   21   20   14   10   13        23        21        19        19
                                                                                                                                                                     
       669  750  762  704  593  469  355  280  265  321  424  551  663  735  742  673  548  410  282  183  145  177  278  411  147  766 1329  749  740  262 2002  144
  616  654  737  749  686  575  451  339  263  246  301  410  537  649  722  729  660  536  394  264  168  129  164  266  406  139  753 1335  735  743  243 2001  129
        15   13   13   18   18   18   16   17   19   20   14   14   14   13   13   13   12   16   18   15   16   13   12    5        13        14        19        15
                                                                                                                                                                     
       553  671  739  738  670  557  432  322  255  248  306  414  531  636  698  700  630  509  383  265  179  149  188  289  227  748 1431  709  838  242 2057  148
  617  550  670  738  734  661  546  424  318  250  246  310  421  544  651  714  711  636  514  378  258  173  147  192  298  226  746 1426  721  833  240 2051  146
         3    1    1    4    9   11    8    4    5    2   -4   -7  -13  -15  -16  -11   -6   -5    5    7    6    2   -4   -9         2       -12         2         2
                                                                                                                                                                     
1
                 S.N.    440   PINGTAN               LAT.  25.28'   LON. 119.50'         2014.  LEV.  376  W.L.  710    H.G.Y.2009

         0    1    2    3    4    5    6    7    8    9   10   11   12   13   14   15   16   17   18   19   20   21   22   23 TIME   HT TIME   HT TIME   LT TIME   LT
+
       680  648  559  436  313  215  169  193  282  410  531  623  654  615  515  377  233  111   47   56  142  282  436  572    4  680 1154  655  613  167 1823   41
  615  661  630  540  417  293  196  150  172  260  388  515  605  637  602  505  367  221  101   33   38  120  260  419  555    1  661 1158  637  610  149 1826   27
        19   18   19   19   20   19   19   21   22   22   16   18   17   13   10   10   12   10   14   18   22   22   17   17        19        18        18        14
                                                                                                                                                                     
       653  670  622  525  401  283  193  162  201  303  435  552  629  646  594  487  348  213  103   51   73  167  312  467   47  673 1247  650  656  162 1915   51
  616  640  661  615  515  388  267  178  144  181  280  410  532  611  632  585  480  341  201   91   36   56  150  293  445   48  663 1248  633  658  144 1914   34
        13    9    7   10   13   16   15   18   20   23   25   20   18   14    9    7    7   12   12   15   17   17   19   22        10        17        18        17
                                                                                                                                                                     
       585  651  653  594  490  369  250  170  144  192  294  419  528  596  602  549  446  315  190   92   52   84  184  320  133  660 1333  607  754  143 2006   51
  617  569  641  649  592  486  360  244  164  142  189  294  421  534  604  616  563  457  324  193   95   53   84  182  321  137  653 1340  619  748  141 2004   53
        16   10    4    2    4    9    6    6    2    3    0   -2   -6   -8  -14  -14  -11   -9   -3   -3   -1    0    2   -1         7       -12         2        -2
                                                                                                                                                                     
       459  568  621  617  559  461  351  248  180  169  219  321  439  540  601  606  550  455  335  226  140  110  149  237  219  625 1431  611  835  165 2100  110
  618  462  572  631  628  565  459  337  228  156  143  197  301  421  525  588  595  543  442  319  201  114   82  118  215  227  638 1437  599  841  140 2058   82
        -3   -4  -10  -11   -6    2   14   20   24   26   22   20   18   15   13   11    7   13   16   25   26   28   31   22       -13        12        25        28
                                                                                                                                                                     

