1
   TP: 1409      S.N.    745   XISHA                 LAT.  16.50'   LON. 112.20'         2014.  LEV.  121  W.L.    0    H.G.Y.2006

         0    1    2    3    4    5    6    7    8    9   10   11   12   13   14   15   16   17   18   19   20   21   22   23 TIME   HT TIME   HT TIME   LT TIME   LT
+
       130  139  146  148  143  141  143  150  161  173  187  198  203  201  190  174  154  129  111   97   94   96  105  120           1230  205           2006   92
  716  106  118  127  131  132  131  131  133  139  148  160  171  180  184  181  170  154  134  114   97   86   82   85   95  402  132 1301  184  539  131 2101   82
        24   21   19   17   11   10   12   17   22   25   27   27   23   17    9    4    0   -5   -3    0    8   14   20   25      -132        21      -131        10
                                                                                                                                                                     
       133  145  156  158  155  152  150  146  151  158  170  182  190  191  190  185  169  150  129  116  108  108  114  126  243  161 1313  199  649  145 2037  105
  717  107  119  129  136  138  136  133  130  130  134  141  150  159  166  169  165  156  142  126  111   99   93   93   99  403  138 1355  169  731  130 2128   92
        26   26   27   22   17   16   17   16   21   24   29   32   31   25   21   20   13    8    3    5    9   15   21   27        23        30        15        13
                                                                                                                                                                     
       142  156  164  177  176  170  159  159  157  160  162  168  173  176  180  176  167  159  137  127  119  115  117  126  336  180 1417  182  741  153 2103  112
  718  109  121  133  141  145  144  140  135  130  127  128  132  138  145  150  151  149  142  132  120  110  103  101  105  422  145 1453  151  917  127 2151  101
        33   35   31   36   31   26   19   24   27   33   34   36   35   31   30   25   18   17    5    7    9   12   16   21        35        31        26        11
                                                                                                                                                                     
       134  149  161  170  173  173  168  162  155  146  143  142  146  151  151  153  156  144  135  127  120  117  118  123  433  175 1504  158  945  139 2127  116
  719  113  124  135  145  152  153  150  144  136  129  123  121  121  125  129  133  134  133  129  123  116  111  109  110  452  153 1604  134 1115  120 2204  109
        21   25   26   25   21   20   18   18   19   17   20   21   25   26   22   20   22   11    6    4    4    6    9   13        22        24        19         7
                                                                                                                                                                     
1
   TP: 1409      S.N.  10723   FANGCG                LAT.  21.37'   LON. 108.20'         2014.  LEV.  233  W.L.  510    H.G.Y.2009

         0    1    2    3    4    5    6    7    8    9   10   11   12   13   14   15   16   17   18   19   20   21   22   23 TIME   HT TIME   HT TIME   LT TIME   LT
+
       348  292  240  191  161  139  136  142  163  182  191  194  199  197  197  198  213  240  276  314  347  378  396  387           2219  398  542  135          
  717  327  283  239  199  169  150  145  152  167  181  188  188  186  184  185  191  205  228  260  297  333  359  366  354 1030  188 2151  366  554  145 1305  184
        21    9    1   -8   -8  -11   -9  -10   -4    1    3    6   13   13   12    7    8   12   16   17   14   19   30   33      -188        32       -10      -184
                                                                                                                                                                     
       359  322  276  226  180  156  144  155  171  193  211  222  224  222  212  203  195  192  211  235  263  292  314  317 1149  224 2246  323  559  144 1647  190
  718  328  294  257  222  192  174  169  176  194  214  228  232  228  221  212  204  199  203  216  238  266  294  312  316 1103  232 2244  316  554  169 1604  199
        31   28   19    4  -12  -18  -25  -21  -23  -21  -17  -10   -4    1    0   -1   -4  -11   -5   -3   -3   -2    2    1        -8         7       -25        -9
                                                                                                                                                                     
       283  236  206  176  143  131  131  165  287  394  426  383  348  341  322  311  287  261  242  250  271  296  314  322 1001  426 2247  323  552  128 1826  238
  719  305  284  258  230  205  188  183  192  211  237  261  275  278  272  259  242  223  207  199  200  211  229  248  259 1148  278 2340  261  552  183 1822  198
       -22  -48  -52  -54  -62  -57  -52  -27   76  157  165  108   70   69   63   69   64   54   43   50   60   67   66   63       148        62       -55        40
                                                         max                                                                                                         
       310  293  273  249  221  195  177  181  213  238  275  312  324  320  317  300  281  253  222  198  189  192  210  225 1145  327            620  173 2017  188
  720  261  254  240  223  205  191  187  195  215  244  277  305  320  322  313  294  268  239  213  193  182  182  189  199 1242  323            550  187 2036  181
        49   39   33   26   16    4  -10  -14   -2   -6   -2    7    4   -2    4    6   13   14    9    5    7   10   21   26         4                 -14         7
                                                                                                                                                                     
1
   TP: 1409      S.N.  10724   QINZHOU               LAT.  21.41'   LON. 108.37'         2014.  LEV.  326  W.L.    0    H.G.Y.2008

         0    1    2    3    4    5    6    7    8    9   10   11   12   13   14   15   16   17   18   19   20   21   22   23 TIME   HT TIME   HT TIME   LT TIME   LT
+
       451  387  330  282  243  220  213  218  238  264  284  288  292  292  281  280  290  317  361  397  437  471  487  480 1245  295 2215  491  627  211 1451  278
  717  443  398  352  312  277  252  239  239  252  270  287  295  295  290  288  292  306  330  360  394  428  453  465  459 1128  296 2210  465  627  237 1352  288
         8  -11  -22  -30  -34  -32  -26  -21  -14   -6   -3   -7   -3    2   -7  -12  -16  -13    1    3    9   18   22   21        -1        26       -26       -10
                                                                                                                                                                     
       458  418  365  313  266  230  218  229  246  272  297  310  313  311  301  283  266  260  270  300  333  370  390      1150  315            607  217 1707  259
  718  437  404  366  330  300  279  270  273  286  305  323  334  337  331  320  310  305  309  322  342  367  391  408  414 1146  337 2258  414  615  270 1603  305
        21   14   -1  -17  -34  -49  -52  -44  -40  -33  -26  -24  -24  -20  -19  -27  -39  -49  -52  -42  -34  -21  -18 -414       -22      -414       -53       -46
                                                                                                                                                                     
       356  321  275  231  197  168  126  325  528  500  465                           377  344  317  321  349  375  404  408  808  534 1557  385 2302  422  557  126
  719  407  389  362  333  307  290  284  291  309  332  355  372  380  377  365  347  328  313  306  309  319  333  348  358 1213  380 2352  361  555  284 1815  306
       -51  -68  -87 -102 -110 -122 -158   34  219  168  110 -372 -380 -377 -365 -347   49   31   11   12   30   42   56   50       154        24       138      -180
                                               max                                                                                                                   
       407  384  356  327  299  271  248  252  280  322  362  399  414  417  411                                              1230  421            627  243          
  720  361  356  342  323  304  289  285  294  315  343  374  400  416  421  413  394  367  339  315  299  292  292  297  303 1251  421            549  284 2029  291
        46   28   14    4   -5  -18  -37  -42  -35  -21  -12   -1   -2   -4   -2 -394 -367 -339 -315 -299 -292 -292 -297 -303         0                 -41      -291
                                                                                                                                                                     
1
   TP: 1409      S.N.  10722   WEIZHOU               LAT.  21.01'   LON. 109.07'         2014.  LEV.  208  W.L.  480    H.G.Y.2009

         0    1    2    3    4    5    6    7    8    9   10   11   12   13   14   15   16   17   18   19   20   21   22   23 TIME   HT TIME   HT TIME   LT TIME   LT
+
       298  248  194  150  117  103  100  113  134  152  171  181  179  170  169  174  190  214  258  301  336  358  365  353 1057  181 2152  368  518   98 1430  165
  717  280  234  190  153  128  115  115  124  138  152  162  165  163  158  156  162  179  208  243  280  310  327  328  313 1102  165 2133  330  532  114 1345  155
        18   14    4   -3  -11  -12  -15  -11   -4    0    9   16   16   12   13   12   11    6   15   21   26   31   37   40        16        38       -16        10
                                                                                                                                                                     
       318  275  229  184  152  131  127  138  158  179  200  215  216  208  197  181  173  182  200  236  266  287  295  292 1144  220 2228  296  545  125 1602  172
  718  284  248  210  176  151  139  139  150  167  185  199  205  202  191  178  167  164  172  191  217  245  268  280  280 1109  205 2228  282  529  138 1545  164
        34   27   19    8    1   -8  -12  -12   -9   -6    1   10   14   17   19   14    9   10    9   19   21   19   15   12        15        14       -13         8
                                                                                                                                                                     
       272  262  262  237  212  194  223  234  251  296  282  293  282  277  261  232  209  196  196  206  226  254  272  273 1040  303 2222  279  503  187 1731  189
  719  266  243  214  185  164  152  154  166  188  212  233  246  249  240  222  200  180  167  164  171  186  204  220  229 1142  249 2327  230  523  151 1747  164
         6   19   48   52   48   42   69   68   63   84   49   47   33   37   39   32   29   29   32   35   40   50   52   44        54        49        36        25
                                     max                                                                                                                             
       264  235  205  172  151  135  135  154  181  217  248  273  288  290  277  254  224  193  168  153  155  166  182  198 1245  292            539  132 1911  150
  720  229  218  201  181  164  155  156  170  194  224  254  278  291  290  276  252  222  193  169  155  150  153  161  171 1226  292            521  154 2006  149
        35   17    4   -9  -13  -20  -21  -16  -13   -7   -6   -5   -3    0    1    2    2    0   -1   -2    5   13   21   27         0                 -22         1
                                                                                                                                                                     
1
   TP: 1409      S.N.  10721   BEIHAI                LAT.  21.29'   LON. 109.05'         2014.  LEV.  258  W.L.  550    H.G.Y.2006

         0    1    2    3    4    5    6    7    8    9   10   11   12   13   14   15   16   17   18   19   20   21   22   23 TIME   HT TIME   HT TIME   LT TIME   LT
+
       362  302  245  197  162  139  134  149  174  200  217  225  227  218  210  212  225  252  291  337  381  413  425  413 1130  228 2153  426  547  133 1425  207
  717  355  300  247  201  165  146  144  158  182  205  221  224  217  207  199  202  217  246  286  331  372  399  407  395 1049  224 2153  407  536  143 1415  199
         7    2   -2   -4   -3   -7  -10   -9   -8   -5   -4    1   10   11   11   10    8    6    5    6    9   14   18   18         4        19       -10         8
                                                                                                                                                                     
       380  333  284  229  185  159  156  168  192  219  238  254  258  249  235  216  203  202  221  250  289  322  340  328                               1624  200
  718  365  324  279  237  202  180  174  184  207  234  256  267  265  252  234  218  210  214  231  258  292  323  344  350 1119  268 2255  350  551  174 1611  210
        15    9    5   -8  -17  -21  -18  -16  -15  -15  -18  -13   -7   -3    1   -2   -7  -12  -10   -8   -3   -1   -4  -22      -268      -350      -174       -10
                                                                                                                                                                     
       296  253  228  210  183  150  276  350  392  365  360  365  358  347  324  304  284  254  232  240  275                 800  392            447  130          
  719  341  319  288  255  225  204  196  204  225  255  285  306  314  307  288  263  239  220  211  214  228  247  267  282 1201  314            559  196 1813  211
       -45  -66  -60  -45  -42  -54   80  146  167  110   75   59   44   40   36   41   45   34   21   26   47 -247 -267 -282        78                 -66      -211
                                               max                                                                                                                   
       323  301  269  234  203  179  170  181  219  265  300  331  346  346  336  315  284  247  214  190                               1237  347  558  169          
  720  288  284  270  251  230  213  205  211  231  262  297  329  349  355  344  321  290  258  230  210  199  198  203  213    4  288 1250  355  603  205 2042  198
        35   17   -1  -17  -27  -34  -35  -30  -12    3    3    2   -3   -9   -8   -6   -6  -11  -16  -20 -199 -198 -203 -213      -288        -8       -36      -198
                                                                                                                                                                     
1
   TP: 1409      S.N.      0   TIESHAN               LAT.  21.36'   LON. 109.35'         2014.  LEV.  370  W.L.    0    H.G.Y.2011

         0    1    2    3    4    5    6    7    8    9   10   11   12   13   14   15   16   17   18   19   20   21   22   23 TIME   HT TIME   HT TIME   LT TIME   LT
+
       507  446  383  323  273  240  223  230  270  319  357  378  383  369  334  302  303  336  385  437  496  549  577  570 1143  384 2216  578  612  223 1529  295
  717  503  440  373  310  259  224  208  221  261  311  350  368  366  348  318  294  290  312  353  407  469  525  553  546 1124  370 2217  554  602  208 1538  288
         4    6   10   13   14   16   15    9    9    8    7   10   17   21   16    8   13   24   32   30   27   24   24   24        14        24        15         7
                                                                                                                                                                     
       527  472  413  355  301  262  247  253  280  326  365  388  398  395  375  342  301  274  280  307  358  417  440  441 1225  399            606  247          
  718  512  463  405  346  295  261  244  248  275  321  369  401  411  401  375  339  307  294  302  328  370  422  469  492 1200  411 2318  493  618  243 1707  294
        15    9    8    9    6    1    3    5    5    5   -4  -13  -13   -6    0    3   -6  -20  -22  -21  -12   -5  -29  -51       -12      -493         4      -294
                                                                                                                                                                     
       409  361  299  263  316  446  527  564  528  472  438  460  489  517  494  440  388  340  315  328  366  413  466  503  702  565           2335  510 1813  314
  719  486  458  417  368  322  288  273  276  297  335  383  427  451  454  437  405  365  327  303  297  309  337  375  411 1238  455            619  272 1850  297
       -77  -97 -118 -105   -6  158  254  288  231  137   55   33   38   63   57   35   23   13   12   31   57   76   91   92       110                 238      -297
                                          max                                                                                                                        
       506  462  398  339  291  269  275  295  322  362  411  457  496  514  498  456  407  358  321  291  280  298  332  370           1307  514  514  268          
  720  429  426  405  373  337  306  291  295  315  348  391  438  476  494  490  468  432  389  347  314  295  293  306  330   20  430 1318  495  617  290 2038  292
        77   36   -7  -34  -46  -37  -16    0    7   14   20   19   20   20    8  -12  -25  -31  -26  -23  -15    5   26   40      -430        19       -22      -292
                                                                                                                                                                     
1
   TP: 1409      S.N.    743   DONGFANG              LAT.  19.06'   LON. 108.37'         2014.  LEV.  189  W.L.  370    H.G.Y.2009

         0    1    2    3    4    5    6    7    8    9   10   11   12   13   14   15   16   17   18   19   20   21   22   23 TIME   HT TIME   HT TIME   LT TIME   LT
+
       193  177  169  166  165  160  156  151  142  131  128  132  147  173  188  217  246  264  287  283  278  265  249  231 1809  288           1006  126          
  717  179  165  157  152  150  148  142  134  125  119  117  121  132  148  169  193  216  235  246  248  241  228  211  195 1842  248            947  117          
        14   12   12   14   15   12   14   17   17   12   11   11   15   25   19   24   30   29   41   35   37   37   38   36        40                   9          
                                                                                                                                                                     
       209  194  181  183  183  190  188  187  179  172  159  156  162  162  184  200  221  236  255  267  263  261  251  248  633  195 1934  274  153  180 1124  152
  718  182  172  167  166  168  171  171  167  160  151  144  140  140  146  157  171  187  202  214  219  216  208  196  183  533  171 1910  219  245  166 1120  139
        27   22   14   17   15   19   17   20   19   21   15   16   22   16   27   29   34   34   41   48   47   53   55   65        24        55        14        13
                                                                                                                                                                     
       224  216  209  197  222  211  218  221  216  211  211  211  201  202  199  214  219  234  244  241  235  220  200  181  646  227 1807  244  250  190 1332  199
  719  173  166  164  167  174  183  191  195  194  189  181  172  166  162  161  165  171  178  185  189  188  182  173  163  718  195 1919  189  152  164 1336  161
        51   50   45   30   48   28   27   26   22   22   30   39   35   40   38   49   48   56   59   52   47   38   27   18        32        55        26        38
                                                                                                                                                                     
       176  165  163  166  169  174  196  216  220  226  220  213  203  198  191  190  189  191  196  199  196  190  182  167                      206  161          
  720  154  149  150  155  166  181  196  209  217  220  217  210  201  191  182  175  170  167  166  165  162  157  149  141  859  220            128  149          
        22   16   13   11    3   -7    0    7    3    6    3    3    2    7    9   15   19   24   30   34   34   33   33   26      -220                  12          
                                                                                                                                                                     
1
   TP: 1409      S.N.    218   SANYA                 LAT.  18.14'   LON. 109.32'         2014.  LEV.  133  W.L.  291    H.G.Y.2009

         0    1    2    3    4    5    6    7    8    9   10   11   12   13   14   15   16   17   18   19   20   21   22   23 TIME   HT TIME   HT TIME   LT TIME   LT
+
       104  113  127  137  132  126  114  113  108  111  127  145  158  171  181  182  169  149  133  114  105   92   98   96  239  138 1501  183  817  105          
  717   98  110  119  122  119  113  106  100   99  104  114  128  143  155  161  159  150  135  117   99   86   79   79   87  303  122 1418  161  740   99 2125   78
         6    3    8   15   13   13    8   13    9    7   13   17   15   16   20   23   19   14   16   15   19   13   19    9        16        22         6       -78
                                                                                                                                                                     
       115  129  141  150  157  152  147  124  127  123  126  139  135  152  178  174  169  161  149  137  125  126  123  120  343  160 1403  181  920  114          
  718   98  112  123  130  132  127  119  110  102   99  100  107  117  128  137  141  140  132  121  107   95   87   85   89  344  132 1514  141  912   99 2149   84
        17   17   18   20   25   25   28   14   25   24   26   32   18   24   41   33   29   29   28   30   30   39   38   31        28        40        15       -84
                                                                                                                                                                     
       128  146  141  157  168  176  159  143  139  124  122  113  118  122  125  140  137  126  127  116   97   86   83   83  448  181 1504  145  948  103          
  719   99  112  126  137  143  143  137  127  116  106   99   97  100  106  113  119  123  122  117  109  100   93   90   92  430  143 1618  123 1057   97 2207   90
        29   34   15   20   25   33   22   16   23   18   23   16   18   16   12   21   14    4   10    7   -3   -7   -7   -9        38        22         6       -90
                                                                                                                                                                     
        91  107  127  135  146  158  155  148  139  127  116  103   99   96  101  113  122  127  125  122  114  108  105  105  521  160 1654  128 1248   93          
  720   99  111  125  138  149  154  153  147  136  122  110  100   94   92   95   99  104  107  107  105  100   96   93   93  521  155 1739  107 1253   92 2222   93
        -8   -4    2   -3   -3    4    2    1    3    5    6    3    5    4    6   14   18   20   18   17   14   12   12   12         5        21         1       -93
                                                                                                                                                                     
1
   TP: 1409      S.N.    742   QINGLANH              LAT.  19.34'   LON. 110.49'         2014.  LEV.  101  W.L.  240    H.G.Y.2009

         0    1    2    3    4    5    6    7    8    9   10   11   12   13   14   15   16   17   18   19   20   21   22   23 TIME   HT TIME   HT TIME   LT TIME   LT
+
        83  101  119  127  122  107   96   88   92   96  106  123  143  159  163  162  144  122   99   79   69   60   67   84  318  128 1430  170  703   87 2100   60
  717   72   90  101  105  101   91   80   71   68   73   85  101  118  131  137  133  120  100   77   56   41   35   39   51  257  105 1405  137  752   68 2105   35
        11   11   18   22   21   16   16   17   24   23   21   22   25   28   26   29   24   22   22   23   28   25   28   33        23        33        19        25
                                                                                                                                                                     
       106  124  140  156  159  152  140  129  127  129  133  146  159  166  171  169  177  187  186  167  147  131  121  113  339  165 1739  192  929  123 2256  111
  718   69   87  102  110  110  104   92   80   70   66   69   77   90  103  112  116  112  101   86   69   55   46   46   53  333  111 1458  116  907   66 2133   45
        37   37   38   46   49   48   48   49   57   63   64   69   69   63   59   53   65   86  100   98   92   85   75   60        54        76        57        66
                                                                                                                                                                     
       115  128  138  147  153  150  134  119  107   96   88   88   99  104  115  125  129  125  117  106   97   91   88   92  406  156 1611  130 1040   82          
  719   67   84  100  112  118  116  108   95   82   71   64   64   69   77   86   93   96   93   86   76   65   57   54   58  414  118 1601   96 1035   64 2157   54
        48   44   38   35   35   34   26   24   25   25   24   24   30   27   29   32   33   32   31   30   32   34   34   34        38        34        18       -54
                                                                                                                                                                     
       101  113  130  144  153  154  149  138  124  111  100   92   86   87   90   95  102  103  102   97   91   86   84   87  455  156 1736  105 1230   84 2155   83
  720   67   81   97  111  121  124  121  112   99   84   71   62   58   59   63   70   75   79   78   75   70   65   62   62  501  124 1728   79 1219   58 2218   61
        34   32   33   33   32   30   28   26   25   27   29   30   28   28   27   25   27   24   24   22   21   21   22   25        32        26        26        22
                                                                                                                                                                     
1
   TP: 1409      S.N.   4607   BOAO                  LAT.  19.12'   LON. 110.36'         2014.  LEV.  124  W.L.    0    H.G.Y.2008

         0    1    2    3    4    5    6    7    8    9   10   11   12   13   14   15   16   17   18   19   20   21   22   23 TIME   HT TIME   HT TIME   LT TIME   LT
+
       102  121  133  133  127  117  112  113  114  117  128  144  158  171  175  162  150  132  110   94   87   77   93  104  254  136 1407  181  845  106 2128   70
  717  104  117  125  125  121  113  106  103  105  113  126  141  154  162  162  153  138  118   98   82   72   70   77   89  238  126 1329  163  705  103 2041   70
        -2    4    8    8    6    4    6   10    9    4    2    3    4    9   13    9   12   14   12   12   15    7   16   15        10        18         3         0
                                                                                                                                                                     
       125  133  161  165  167  154  151  146  144  140  142  147  175  178  193  179  166  156  153  130  117  122  119  122  237  173 1241  197  639  130 2248  111
  718  105  119  129  134  132  125  116  108  103  103  108  117  128  137  142  141  135  123  109   95   85   81   83   92  312  134 1423  142  831  102 2107   81
        20   14   32   31   35   29   35   38   41   37   34   30   47   41   51   38   31   33   44   35   32   41   36   30        39        55        28        30
                                                                             max                                                                                     
       125  141  151  150  159  156  138  128  118  108  102  102  109  117  125  129  131  126  124  115  109  103  103  107  341  166 1539  137 1028   93 2144   99
  719  105  119  131  139  141  137  129  119  109  101   98  100  104  111  117  121  121  117  110  101   94   89   90   95  352  141 1528  121 1012   98 2125   89
        20   22   20   11   18   19    9    9    9    7    4    2    5    6    8    8   10    9   14   14   15   14   13   12        25        16        -5        10
                                                                                                                                                                     
       117  131  148  159  162  167  158  148  135  119  111  103  100  103  102  110  113  115  114  111  101  104  102  108  426  170 1732  119 1131   96 2133   99
  720  105  117  130  140  146  147  142  133  121  109   99   93   90   91   95   99  103  104  103  101   98   95   95   98  436  147 1710  104 1211   90 2131   95
        12   14   18   19   16   20   16   15   14   10   12   10   10   12    7   11   10   11   11   10    3    9    7   10        23        15         6         4
                                                                                                                                                                     
1
   TP: 1409      S.N.    741   XIUYING               LAT.  20.01'   LON. 110.17'         2014.  LEV.  151  W.L.  290    H.G.Y.2009

         0    1    2    3    4    5    6    7    8    9   10   11   12   13   14   15   16   17   18   19   20   21   22   23 TIME   HT TIME   HT TIME   LT TIME   LT
+
       245  227  197  165  134  108   83   77   84  101  120  145  163  174  176  172  165  160  150  164  192  219  230  234 1346  181            645   76 1730  148
  717  215  201  179  151  121   96   79   73   76   87  102  118  134  146  151  151  146  140  140  146  158  173  187  197 1423  152            708   73 1736  139
        30   26   18   14   13   12    4    4    8   14   18   27   29   28   25   21   19   20   10   18   34   46   43   37        29                   3         9
                                                                                                                                                                     
       234  232  225  207  191  169  144  131  125  141  165  195  225  236  255  283  320  319  343  315  296  261  268  248       237 1759  347  726  117          
  718  201  198  187  169  146  122  104   95   97  106  119  133  143  150  152  150  143  134  128  127  132  142  155  166    4  201 1357  152  721   94 1841  126
        33   34   38   38   45   47   40   36   28   35   46   62   82   86  103  133  177  185  215  188  164  119  113   82        36       195        23      -126
                                                                                                 max                                                                 
       253  251  231  217  205  183  165  156  152  158  172  178  190  194  194  189  185  186  184  170  161  160  171  178   48  261 1325  200  744  140 2025  156
  719  175  179  178  171  158  141  125  116  116  124  138  151  161  165  165  159  150  138  127  118  115  118  125  134  119  179 1322  166  731  115 2001  115
        78   72   53   46   47   42   40   40   36   34   34   27   29   29   29   30   35   48   57   52   46   42   46   44        82        34        25        41
                                                                                                                                                                     
       181  179  174  166  164  163  155  145  140  143  156  178  195  200  191  177  165  155  148  139  130                   2  182 1255  202  840  138          
  720  143  151  156  157  154  146  137  131  131  138  151  165  177  183  183  178  167  152  136  121  110  104  103  106  246  157 1332  184  731  130 2139  103
        38   28   18    9   10   17   18   14    9    5    5   13   18   17    8   -1   -2    3   12   18   20 -104 -103 -106        25        18         8      -103
                                                                                                                                                                     
1
   TP: 1409      S.N.      0   HAIAN                 LAT.  20.14'   LON. 110.08'         2014.  LEV.  212  W.L.    0    H.G.Y.2009

         0    1    2    3    4    5    6    7    8    9   10   11   12   13   14   15   16   17   18   19   20   21   22   23 TIME   HT TIME   HT TIME   LT TIME   LT
+
       283  264  233  200  176  152  136  130  139  155  173  197  213  223  224  221  219  213  212  228  253  274  282  280 1336  226            622  127          
  717  267  253  230  204  178  157  144  140  143  152  165  180  193  204  209  211  211  211  214  221  230  240  249  255 2339  256            704  140          
        16   11    3   -4   -2   -5   -8  -10   -4    3    8   17   20   19   15   10    8    2   -2    7   23   34   33   25       -30                 -13          
                                                                                                                                                                     
       273  268  261  243  227  208  187  174  174  192  216  237  261  275  287  292  314  326  337  320  326  338  347  322           2157  349  714  171          
  718  256  251  239  222  202  182  169  163  165  174  186  197  205  210  211  208  204  199  197  199  204  212  220  228 1344  211            711  163 1804  197
        17   17   22   21   25   26   18   11    9   18   30   40   56   65   76   84  110  127  140  121  122  126  127   94      -211                   8      -197
                                                                                                 max                                                                 
       321  313  283  263  244  230  215  204  207  214  227  232  246  240  238  232  228  232  232  225  215  214  223  229 2157  349 1159  246  738  201 2035  212
  719  233  235  232  224  213  200  189  183  186  194  206  217  224  226  224  217  208  198  189  184  183  186  191  198   52  235 1255  226  711  183 1948  183
        88   78   51   39   31   30   26   21   21   20   21   15   22   14   14   15   20   34   43   41   32   28   32   31       114        20        18        29
                                                                                                                                                                     
       226  223  214  207  204  201  199  194  195  201  215  240  252  252  242  227  214  200  193  185  177  175  181  192           1217  255  749  191 2033  172
  720  205  210  213  213  209  204  199  197  200  209  222  234  242  246  243  235  224  209  194  181  171  167  167  170  226  213 1304  246  651  197 2129  166
        21   13    1   -6   -5   -3    0   -3   -5   -8   -7    6   10    6   -1   -8  -10   -9   -1    4    6    8   14   22      -213         9        -6         6
                                                                                                                                                                     
1
   TP: 1409      S.N.      0   NAOZHOU               LAT.  20.54'   LON. 110.37'         2014.  LEV.  207  W.L.    0    H.G.Y.2009

         0    1    2    3    4    5    6    7    8    9   10   11   12   13   14   15   16   17   18   19   20   21   22   23 TIME   HT TIME   HT TIME   LT TIME   LT
+
       200  251  288  299  280  235  180  141  133  153  198  243  281  330  363  369  347  291  221  157  126  126  150  185  428  300 1443  372  803  132 2038  118
  717  182  232  268  277  253  205  152  115  102  116  149  193  241  287  319  325  297  238  167  106   73   70   90  124  245  278 1440  327  758  102 2037   68
        18   19   20   22   27   30   28   26   31   37   49   50   40   43   44   44   50   53   54   51   53   56   60   61        22        45        30        50
                                                                                                                                                                     
       227  280  316  337  340  313  271  228  205  214  239  276  318  371  413  440  471  500  460  408  366  325  278  277  337  340 1649  549  817  200 2334  261
  718  165  210  249  273  271  241  195  149  119  113  127  154  189  225  258  280  280  253  204  149  106   89   97  123  324  276 1530  284  848  112 2110   89
        62   70   67   64   69   72   76   79   86  101  112  122  129  146  155  160  191  247  256  259  260  236  181  154        64       265        88       172
                                                                                                           max                                                       
       265  282  307  324  336  329  311  263  217  180  169  176  197  224  257  285  303  298  272  231       160  153  170  350  338 1624  303 1011  167          
  719  157  194  230  260  274  266  235  193  155  131  126  136  154  177  201  223  238  238  217  182  143  116  110  124  407  274 1628  240  951  126 2148  110
       108   88   77   64   62   63   76   70   62   49   43   40   43   47   56   62   65   60   55   49 -143   44   43   46        64        63        41      -110
                                                                                                                                                                     
       196  228  260  286  304  305  292  265  232  203  186  181  185  195  205  217  229  238  235  224  204  181  164  164  439  307 1729  240 1039  180 2216  162
  720  149  180  212  241  265  275  265  238  202  168  145  135  136  144  156  170  187  200  205  195  173  148  131  129  500  275 1748  205 1124  134 2237  128
        47   48   48   45   39   30   27   27   30   35   41   46   49   51   49   47   42   38   30   29   31   33   33   35        32        35        46        34
                                                                                                                                                                     
1
   TP: 1409      S.N.      0   ZHANJ                 LAT.  21.10'   LON. 110.25'         2014.  LEV.  319  W.L.  584    H.G.Y.2009

         0    1    2    3    4    5    6    7    8    9   10   11   12   13   14   15   16   17   18   19   20   21   22   23 TIME   HT TIME   HT TIME   LT TIME   LT
+
       301  350  398  421  394  335  266  212  199  232  289  345  391  422  465  492  462  393  318  239  195  187  230  280  254  422 1500  492  744  197 2048  184
  717  303  354  398  411  382  325  260  207  189  212  261  311  358  407  449  459  425  359  279  205  158  155  191  241  248  412 1443  460  756  189 2034  151
        -2   -4    0   10   12   10    6    5   10   20   28   34   33   15   16   33   37   34   39   34   37   32   39   39        10        32         8        33
                                                                                                                                                                     
       331  373  419  447  443  410  360  310  277  280  323  377  419  457  511  542  568  585  576  514  445  399  384  381  336  453 1656  588  835  272 2223  373
  718  287  329  372  402  402  368  312  253  211  203  228  268  306  340  377  407  412  382  325  258  202  176  189  229  330  406 1538  414  844  202 2110  175
        44   44   47   45   41   42   48   57   66   77   95  109  113  117  134  135  156  203  251  256  243  223  195  152        47       174        70       198
                                                                                                      max                                                            
       395  408  436  463  475  457  429  385  327  278  259  266  294  326  360  390  411  409  379  332  279  242  233  252  403  476 1620  413 1014  255 2143  232
  719  274  313  347  380  399  393  360  309  258  225  221  240  268  291  313  338  361  367  346  302  251  212  202  221  416  400 1643  368  940  219 2150  201
       121   95   89   83   76   64   69   76   69   53   38   26   26   35   47   52   50   42   33   30   28   30   31   31        76        45        36        31
                                                                                                                                                                     
       294  332  361  388  406  411  398  365  324  289  272  270  282  291  300  308  324  341  345  330  301  270  247  247  440  413 1737  247 1050  270 2234  243
  720  259  297  328  355  381  397  391  361  316  272  242  234  242  256  267  279  298  320  332  323  293  257  230  226  513  398 1803  332 1059  234 2241  225
        35   35   33   33   25   14    7    4    8   17   30   36   40   35   33   29   26   21   13    7    8   13   17   21        15       -85        36        18
                                                                                                                                                                     
1
   TP: 1409      S.N.  43041   SHUIDONG              LAT.  21.29'   LON. 111.04'         2014.  LEV.  224  W.L.    0    H.G.Y.2009

         0    1    2    3    4    5    6    7    8    9   10   11   12   13   14   15   16   17   18   19   20   21   22   23 TIME   HT TIME   HT TIME   LT TIME   LT
+
       225  273  304  287  249  211  173  144  152  184  224  258  296  346  384  358  310  256  204  144  128  132  157  206  159  304 1400  384  718  142 1947  122
  717  227  274  292  277  243  204  164  135  134  157  190  230  279  325  343  323  278  224  166  116   93  104  133  165  202  292 1358  343  733  132 2011   92
        -2   -1   12   10    6    7    9    9   18   27   34   28   17   21   41   35   32   32   38   28   35   28   24   41        12        41        10        30
                                                                                                                                                                     
       246  290  329  334  312  284  252  223  207  227  249  279  316  364  408  417  410  390  360  309  258  239  242  226  227  339 1513  431  806  206 2318  221
  718  203  248  284  291  270  237  200  164  142  144  163  188  220  258  292  301  281  244  201  157  124  116  133  161  245  291 1448  301  825  140 2050  116
        43   42   45   43   42   47   52   59   65   83   86   91   96  106  116  116  129  146  159  152  134  123  109   65        48       130        66       105
                                                                                                 max                                                                 
       244  287  322  348  356  335  300  262  222  197  193  195  219  241  276  303  309  286  253  222  191  167  170  191  325  360 1537  313  945  189 2119  164
  719  191  226  263  288  288  268  236  202  172  154  153  165  181  203  230  253  259  245  218  187  158  139  140  157  331  291 1546  260  932  152 2129  137
        53   61   59   60   68   67   64   60   50   43   40   30   38   38   46   50   50   41   35   35   33   28   30   34        69        53        37        27
                                                                                                                                                                     
       212  238  269  299  310  301  281  253  227  204  189  187  187  189  202  222  240  242  232  216  195  175  171  180  401  311 1641  244 1221  185 2156  170
  720  183  210  241  271  290  289  270  242  211  183  164  157  159  167  180  199  217  225  219  204  185  166  155  158  426  292 1704  225 1115  157 2216  155
        29   28   28   28   20   12   11   11   16   21   25   30   28   22   22   23   23   17   13   12   10    9   16   22        19        19        28        15
                                                                                                                                                                     
1
   TP: 1409      S.N.    731   ZHAPO                 LAT.  21.35'   LON. 111.50'         2014.  LEV.  214  W.L.  421    H.G.Y.2009

         0    1    2    3    4    5    6    7    8    9   10   11   12   13   14   15   16   17   18   19   20   21   22   23 TIME   HT TIME   HT TIME   LT TIME   LT
+
       242  269  270  253  230  199  177  160  167  181  214  261  312  343  345  316  265  225  184  150  130  133  158  199  130  275 1311  355  658  159 2047  123
  717  236  261  263  245  217  186  158  141  140  159  195  242  287  314  312  281  238  193  152  117   97  101  129  171  136  264 1324  317  731  138 2019   96
         6    8    7    8   13   13   19   19   27   22   19   19   25   29   33   35   27   32   32   33   33   32   29   28        11        38        21        27
                                                                                                                                                                     
       258  296  312  304  284  270  243  222  208  208  232  286  314  357  394  382  356  316  294  255  226  190  182  188  205  319 1406  399  801  206 2203  161
  718  215  249  266  262  242  214  185  160  145  144  159  188  226  261  279  272  246  212  179  149  126  118  128  156  218  267 1413  280  833  143 2056  118
        43   47   46   42   42   56   58   62   63   64   73   98   88   96  115  110  110  104  115  106  100   72   54   32        52       119        63        43
                                                                                                 max                                                                 
       201  260  294  306  305  276  249  222  191  180  173  187  206  239  268  282  283  251  228  201  176  168  166  178  319  317 1526  285  945  167          
  719  194  231  258  269  262  242  216  190  167  152  148  156  176  205  230  242  236  217  195  173  153  140  139  153  306  270 1509  243  950  148 2134  138
         7   29   36   37   43   34   33   32   24   28   25   31   30   34   38   40   47   34   33   28   23   28   27   25        47        42        19      -138
                                                                                                                                                                     
       202  238  267  288  292  277  256  234  214  197  183  174  171  182  201  219  228  226  215  197  185  180  172  176  339  294 1616  231 1135  168          
  720  178  210  242  265  274  266  247  223  198  175  158  147  147  160  180  200  210  209  200  187  173  161  154  157  402  274 1623  211 1128  146 2214  154
        24   28   25   23   18   11    9   11   16   22   25   27   24   22   21   19   18   17   15   10   12   19   18   19        20        20        22      -154
                                                                                                                                                                     
1
   TP: 1409      S.N.   4476   TAISHAN               LAT.  21.51'   LON. 112.55'         2014.  LEV.  217  W.L.    0    H.G.Y.2008

         0    1    2    3    4    5    6    7    8    9   10   11   12   13   14   15   16   17   18   19   20   21   22   23 TIME   HT TIME   HT TIME   LT TIME   LT
+
       256  263  242  229  224  218  202  179  179  198  237            332  306  278  246  217  190  169  148  159  189  232   40  266            737  172 2002  142
  717  253  252  239  229  219  201  179  166  170  194  235  281  310  307  284  258  233  200  163  134  124  134  162  204   26  256 1225  312  715  165 2000  124
         3   11    3    0    5   17   23   13    9    4    2 -281 -310   25   22   20   13   17   27   35   24   25   27   28        10      -170         7        18
                                                                                                                                                                     
       281  296  295  291  273  279  260  254  240  241  265  305  324  340  325  315  284  262  240  207  190  180  167  194  119  310 1322  354  751  227 2131  164
  718  242  260  255  243  234  223  203  180  167  170  190  224  260  278  273  255  235  216  191  164  147  145  158  185  116  260 1317  279  818  167 2037  144
        39   36   40   48   39   56   57   74   73   71   75   81   64   62   52   60   49   46   49   43   43   35    9    9        50        75        60        20
                                                              max                                                                                                    
       224  266  279  281  266  257  236  221  203  180  176  193  227  254  266  263                                          213  287 1407  272  925  171          
  719  220  251  263  257  247  239  227  205  182  167  167  182  207  232  245  240  227  215  203  187  170  161  164  178  211  263 1414  245  931  165 2115  161
         4   15   16   24   19   18    9   16   21   13    9   11   20   22   21   23 -227 -215 -203 -187 -170 -161 -164 -178        24        27         6      -161
                                                                                                                                                                     
       214  248  267  270  269  255  249  238  214  192  172  168  174  195  213  223  215  209  207  202  197  185  180  184  235  277 1456  224 1056  167 2214  178
  720  202  232  256  266  262  254  245  232  209  184  166  161  169  187  205  215  214  207  201  196  189  180  175  180  312  266 1523  216 1051  161 2159  175
        12   16   11    4    7    1    4    6    5    8    6    7    5    8    8    8    1    2    6    6    8    5    5    4        11         8         6         3
                                                                                                                                                                     
1
   TP: 1409      S.N.   9734   ZHUHAI                LAT.  22.17'   LON. 113.35'         2014.  LEV.  241  W.L.    0    H.G.Y.2007

         0    1    2    3    4    5    6    7    8    9   10   11   12   13   14   15   16   17   18   19   20   21   22   23 TIME   HT TIME   HT TIME   LT TIME   LT
+
       257  274  282  281  270  250  230  205  206  231  262  312  337  340  336  322  305  264  228  207  179  187  220  254  154  285 1412  346  722  200 2003  176
  717  248  264  271  268  255  233  210  191  192  218  256  289  306  313  310  295  268  231  192  158  141  152  182  218  213  271 1313  313  726  189 2006  140
         9   10   11   13   15   17   20   14   14   13    6   23   31   27   26   27   37   33   36   49   38   35   38   36        14        33        11        36
                                                                                                                                                                     
       283  297  309  318  317  306  286  276  257  258  278  301  329  347  346  329  325  274  264  228  205                 244  325            840  244          
  718  242  258  270  275  272  258  236  212  193  194  214  244  269  280  285  282  271  250  221  193  168  162  177  205  308  275 1408  285  826  191 2048  161
        41   39   39   43   45   48   50   64   64   64   64   57   60   67   61   47   54   24   43   35   37 -162 -177 -205        50      -285        53      -161
                                                                                                                                                                     
                                                    217  209  224  249  269  282  284  281  271  255  233  211  194                                                  
  719  235  253  266  276  280  277  262  241  215  195  193  207  229  245  253  258  257  251  236  216  197  183  184  199  406  280 1516  258  936  192 2126  181
      -235 -253 -266 -276 -280 -277 -262 -241 -215   22   16   17   20   24   29   26   24   20   19   17   14   11 -184 -199      -280      -258      -192      -181
                                                                                                                                                                     
       236  260  278  290  290  295  292  275  252  228  204  193  207  219  236  242  248  248  244  241  229  221  210  209  532  296 1649  250 1110  192          
  720  224  248  262  274  282  287  283  267  244  216  196  188  195  210  221  230  235  237  236  228  217  205  198  202  503  287 1718  237 1101  188 2208  197
        12   12   16   16    8    8    9    8    8   12    8    5   12    9   15   12   13   11    8   13   12   16   12    7         9        13         4      -197
                                                                                                                                                                     
1
   TP: 1409      S.N.      0   GUANGZHOU             LAT.  22.39'   LON. 113.40'         2014.  LEV.  187  W.L.  180    H.G.Y.2009

         0    1    2    3    4    5    6    7    8    9   10   11   12   13   14   15   16   17   18   19   20   21   22   23 TIME   HT TIME   HT TIME   LT TIME   LT
+
       190  222  243  249  244  226  198  168  136  121  144  199  259  301  316  302  279  250  212  169  129  105   99  130  301  249 1403  316  902  121 2152   98
  717  190  224  240  243  231  205  176  150  127  119  140  189  242  276  284  276  253  217  175  137  105   83   81  111  242  244 1400  284  847  118 2134   78
         0   -2    3    6   13   21   22   18    9    2    4   10   17   25   32   26   26   33   37   32   24   22   18   19         5        32         3        20
                                                                                                                                                                     
       189  236  262  275  278  271  254  223  198  177  167  192  247  284  309  315  281  254  228  187  155  131  114  117  354  278 1446  319  953  166 2223  111
  718  163  210  236  245  244  229  204  178  151  126  116  135  178  221  248  254  247  228  199  164  132  107   93  100  320  246 1459  254  950  116 2209   93
        26   26   26   30   34   42   50   45   47   51   51   57   69   63   61   61   34   26   29   23   23   24   21   17        32        65        50        18
                                                                                                                                                                     
       160  204  239  269  268  260  254  233  207  177  149  136  142  181  225  247  255  247  226  203  177  148  126  114  328  270 1609  255 1111  134 2308  114
  719  136  186  224  243  249  245  230  209  183  154  126  114  128  161  195  217  225  222  209  188  161  137  118  111  404  249 1611  225 1058  114 2250  111
        24   18   15   26   19   15   24   24   24   23   23   22   14   20   30   30   30   25   17   15   16   11    8    3        21        30        20         3
                                                                                                                                                                     
       129  170  212  240  256  256  249  242  227  198  164  134  117  121  151  182  201  207  206  201  193  181  164  148  437  258 1705  207 1224  116 2352  137
  720  124  160  203  234  248  253  249  236  217  191  158  127  111  117  140  168  190  200  203  198  185  166  148  134  500  253 1750  203 1214  111 2339  131
         5   10    9    6    8    3    0    6   10    7    6    7    6    4   11   14   11    7    3    3    8   15   16   14         5         4         5         6
                                                                                                                                                                     
1
   TP: 1409      S.N.    732   DAWANSAN              LAT.  21.56'   LON. 113.43'         2014.  LEV.  209  W.L.    0    H.G.Y.2009

         0    1    2    3    4    5    6    7    8    9   10   11   12   13   14   15   16   17   18   19   20   21   22   23 TIME   HT TIME   HT TIME   LT TIME   LT
+
       236  245  246  240  226  211  196  187  201  223  267  293  301  293  291  277  248  210  189  157  164                 142  249                              
  717  223  228  226  218  203  183  167  162  175  203  234  259  269  267  255  235  207  175  145  125  123  140  169  198  114  228 1219  270  644  162 1934  121
        13   17   20   22   23   28   29   25   26   20   33   34   32   26   36   42   41   35   44   32   41 -140 -169 -198        21      -270      -162      -121
                                                                                                                                                                     
       251  265  275  275  272  247  237  225  205  238  257  274  301  301  280  289  254  234  207  184  157                 222  288                              
  718  219  230  233  231  222  206  185  168  162  172  194  218  236  243  240  230  214  194  170  148  137  141  160  186  203  233 1311  243  752  162 2013  137
        32   35   42   44   50   41   52   57   43   66   63   56   65   58   40   59   40   40   37   36   20 -141 -160 -186        55      -243      -162      -137
                                                                                                                                                                     
       228  241  249  254  256  245  230  204  193  184  183  206  225  241  246  237  231  223  207  187  172                 337  259 1353  248  925  178          
  719  211  228  237  240  237  227  210  189  169  161  166  181  199  211  216  214  208  198  185  169  156  151  158  177  259  240 1413  216  907  161 2053  151
        17   13   12   14   19   18   20   15   24   23   17   25   26   30   30   23   23   25   22   18   16 -151 -158 -177        19        32        17      -151
                                                                                                                                                                     
       212  234  248  251  255  254  245  227  206  186  173  175  186  198  206  207  208  210  206  201  192                 413  256 1621  210 1033  170          
  720  200  221  236  245  248  245  234  215  192  170  158  157  166  178  188  193  194  192  188  181  172  165  164  173  359  248 1552  194 1032  156 2135  163
        12   13   12    6    7    9   11   12   14   16   15   18   20   20   18   14   14   18   18   20   20 -165 -164 -173         8        16        14      -163
                                                                                                                                                                     
1
   TP: 1409      S.N.  81410   YANTIAN               LAT.  22.35'   LON. 114.16'         2014.  LEV.  196  W.L.  353    H.G.Y.2009

         0    1    2    3    4    5    6    7    8    9   10   11   12   13   14   15   16   17   18   19   20   21   22   23 TIME   HT TIME   HT TIME   LT TIME   LT
+
       188  217  225  212  191  168  143  158  210  244  246  245  247  274  258  241  208  182  152  124  153  197  208  222  131  228  928  255  628  139          
  717  198  219  214  195  180  162  144  151  191  229  234  224  230  245  239  210  180  153  122  107  126  163  182  179  118  220 1312  246  613  143 1857  107
       -10   -2   11   17   11    6   -1    7   19   15   12   21   17   29   19   31   28   29   30   17   27   34   26   43         8         9        -4      -107
                                                                                                                                                                     
       201  228  243  259  242  216  209  188  190  223  262  253  251  238  250  244  218  197  170  140  142  146  185  223  304  263   43  210  744  176          
  718  184  206  223  217  201  184  163  144  152  185  211  210  202  209  220  214  193  170  148  126  122  145  178  191  214  223 1028  214  712  144 1201  202
        17   22   20   42   41   32   46   44   38   38   51   43   49   29   30   30   25   27   22   14   20    1    7   32        40        -4        32      -202
                                                                                                                                                                     
       204  199  224  231  236  231  205  182  163  162  188  211  209  207  205  213  210  198  172  162  146  145  171  199  414  247 1532  219  823  154          
  719  189  195  214  228  224  209  188  164  146  151  174  190  188  182  188  197  195  181  164  147  135  139  162  189  317  229 1122  191  817  145 1258  182
        15    4   10    3   12   22   17   18   17   11   14   21   21   25   17   16   15   17    8   15   11    6    9   10        18        28         9      -182
                                                                                                                                                                     
       212  209  208  223  240  242  225  201  170  162  159  172  186  188  175  180  191  195  187  179  164  161  164  180  436  244 1236  190  923  150 1447  173
  720  199  198  205  222  236  233  216  191  165  147  147  160  170  168  165  171  181  183  175  162  152  146  154  174  419  237 1219  171  930  145 1353  165
        13   11    3    1    4    9    9   10    5   15   12   12   16   20   10    9   10   12   12   17   12   15   10    6         7        19         5         8
                                                                                                                                                                     
1
   TP: 1409      S.N.    733   CHIWANH               LAT.  22.27'   LON. 113.53'         2014.  LEV.  240  W.L.  415    H.G.Y.2006

         0    1    2    3    4    5    6    7    8    9   10   11   12   13   14   15   16   17   18   19   20   21   22   23 TIME   HT TIME   HT TIME   LT TIME   LT
+
       295  319  328  328  314  290  264  235  224  237  280  329  368  389  381  366  339  303  261  225  200  190  221  263  211  330 1313  391  807  223 2058  189
  717  262  283  290  287  273  247  215  187  179  197  236  281  315  330  326  308  281  243  199  157  131  132  160  203  210  290 1317  330  748  178 2028  128
        33   36   38   41   41   43   49   48   45   40   44   48   53   59   55   58   58   60   62   68   69   58   61   60        40        61        45        61
                                                                                                                                                                     
       306  335  352  358  356  342  313  290  271  259  274  309  349  377  390  368  340  314  282  248  220  206  208  241  300  358 1356  392  858  258 2130  201
  718  245  274  289  292  287  273  247  216  189  180  195  227  263  289  300  296  282  260  230  195  164  148  156  186  253  292 1413  300  852  180 2109  148
        61   61   63   66   69   69   66   74   82   79   79   82   86   88   90   72   58   54   52   53   56   58   52   55        66        92        78        53
                                                                             max                                                                                     
       276  309  337  342  340  335  320  300  271  243  229  233  261  297  318  330  326  311  291  266  240  221  210  222  219  343 1519  331 1024  226 2201  209
  719  224  259  281  291  293  288  273  249  217  190  179  188  212  239  259  268  266  258  242  221  195  174  167  179  344  293 1522  268 1003  179 2152  167
        52   50   56   51   47   47   47   51   54   53   50   45   49   58   59   62   60   53   49   45   45   47   43   43        50        63        47        42
                                                                                                                                                                     
       253  287  315  332  337  334  329  316  291  262  232  218  217  241  264  280  288  287  285  280  269  256  242  234  350  337 1626  290 1133  214 2303  233
  720  207  239  267  285  293  294  289  275  250  219  190  174  176  192  212  229  239  243  240  232  218  201  189  187  443  295 1705  243 1123  173 2238  186
        46   48   48   47   44   40   40   41   41   43   42   44   41   49   52   51   49   44   45   48   51   55   53   47        42        47        41        47
                                                                                                                                                                     

