1
   TP: 1410      S.N.    443   DONGSHAN              LAT.  23.44'   LON. 117.32'         2014.  LEV.  538  W.L.  750    H.G.Y.2009

         0    1    2    3    4    5    6    7    8    9   10   11   12   13   14   15   16   17   18   19   20   21   22   23 TIME   HT TIME   HT TIME   LT TIME   LT
+
       472  454  472  505  545  588  629  659  656  623  574  516  464  426  416  432  462  503  549  596  635  646  627  588  731  662 2045  647  102  454 1348  415
  721  458  443  455  484  520  563  605  632  632  605  557  500  446  407  395  407  435  473  521  572  610  621  604  567  730  636 2053  621  103  443 1400  395
        14   11   17   21   25   25   24   27   24   18   17   16   18   19   21   25   27   30   28   24   25   25   23   21        26        26        11        20
                                                                                                                                                                     
       542  504  485  493  522  556  592  625  649  649  626  582  528  474  433  423  442  473  514  560  604  640  660  649  838  653 2208  661  211  483 1452  421
  722  523  485  466  472  496  529  566  601  625  626  603  560  507  453  411  395  405  432  468  514  568  612  631  620  833  629 2208  632  216  465 1506  395
        19   19   19   21   26   27   26   24   24   23   23   22   21   21   22   28   37   41   46   46   36   28   29   29        24        29        18        26
                                                                                                      max                                                            
       618  578  538  513  517  542  579  610  639  665  666  636  592  538  484  437  415  427  455  491  533  575  619  643  945  670 2302  644  313  512 1604  414
  723  588  545  504  479  480  503  533  565  597  622  627  607  566  513  455  409  392  403  430  465  513  572  623  646  941  628 2313  647  327  476 1606  391
        30   33   34   34   37   39   46   45   42   43   39   29   26   25   29   28   23   24   25   26   20    3   -4   -3        42        -3        36        23
                                                                                                                                                                     
       626  581  533  505  476  473  485  507  540  575  605  617  592  548  491  432  387  372  385  413  452  500  553  603 1059  617            435  470 1700  372
  724  637  604  557  510  480  481  504  533  564  597  624  631  610  568  510  447  400  385  400  428  465  517  583  638 1044  632            428  477 1659  385
       -11  -23  -24   -5   -4   -8  -19  -26  -24  -22  -19  -14  -18  -20  -19  -15  -13  -13  -15  -15  -13  -17  -30  -35       -15                  -7       -13
                                                                                                                                                                     
1
   TP: 1410      S.N.    442   XIAMEN                LAT.  24.27'   LON. 118.04'         2014.  LEV.  358  W.L.  700    H.G.Y.2009

         0    1    2    3    4    5    6    7    8    9   10   11   12   13   14   15   16   17   18   19   20   21   22   23 TIME   HT TIME   HT TIME   LT TIME   LT
+
       239  217  237  301  387  470  535  564  537  462  373  287  220  175  168  206  278  360  440  507  541  520  457  383  659  564 2006  541  111  216 1340  165
  721  225  204  221  280  362  441  505  538  516  446  358  276  207  160  147  178  245  326  409  485  522  501  437  365  706  538 2008  523  103  204 1347  146
        14   13   16   21   25   29   30   26   21   16   15   11   13   15   21   28   33   34   31   22   19   19   20   18        26        18        12        19
                                                                                                                                                                     
       316  268  244  254  309  384  460  521  546  527  468  384  304  238  187  170  205  279  357  436  503  549  544  488  804  546 2129  556  215  241 1457  170
  722  303  256  227  234  286  362  434  494  526  512  454  372  289  218  166  145  172  236  314  399  480  528  521  465  812  527 2121  532  217  226 1456  145
        13   12   17   20   23   22   26   27   20   15   14   12   15   20   21   25   33   43   43   37   23   21   23   23        19        24        15        25
                                                                                                                                                                     
       419  355  306  276  283  338  418  489  535  561  550  491  403  319  242  187  165  182  247  336  418  492  538  540  913  566 2229  547  330  271 1606  164
  723  392  326  274  237  237  285  356  428  489  526  520  466  383  295  220  162  138  165  230  309  398  488  546  544  921  529 2228  553  330  232 1558  138
        27   29   32   39   46   53   62   61   46   35   30   25   20   24   22   25   27   17   17   27   20    4   -8   -4        37        -6        39        26
                                     max                                                                                                                             
       489  400  317  249  216  239  284  336  392  464  519  516  452  353  256  178  131  119  151  211  290  383  476  537 1022  525 2325  542  403  216 1644  118
  724  485  404  334  276  234  232  280  354  429  494  535  530  471  379  286  208  148  126  160  231  315  411  508  569 1023  538 2321  574  431  226 1653  126
         4   -4  -17  -27  -18    7    4  -18  -37  -30  -16  -14  -19  -26  -30  -30  -17   -7   -9  -20  -25  -28  -32  -32       -13       -32       -10        -8
                                                                                                                                                                     
1
   TP: 1410      S.N.  74229   CHONGWUH              LAT.  24.52'   LON. 118.56'         2014.  LEV.  470  W.L.  810    H.G.Y.2009

         0    1    2    3    4    5    6    7    8    9   10   11   12   13   14   15   16   17   18   19   20   21   22   23 TIME   HT TIME   HT TIME   LT TIME   LT
+
       319  325  375  455  546  625  673  672  625  539  441  348  284  259  279  343  433  526  602  644  645  606  537  460  625  679 1930  650   22  315 1308  258
  721  303  310  358  437  528  606  652  651  604  522  424  334  269  243  261  322  411  506  585  630  632  591  520  442  629  657 1931  636   20  301 1304  242
        16   15   17   18   18   19   21   21   21   17   17   14   15   16   18   21   22   20   17   14   13   15   17   18        22        14        14        16
                                                                                                                                                                     
       389  347  341  380  448  533  609  659  665  624  546  453  367  293  264  277  336  423  515  600  655  662  633  566  735  671 2032  671  140  338 1356  262
  722  373  331  326  363  433  517  594  642  649  609  533  438  348  279  244  254  309  397  494  581  637  650  616  548  738  652 2045  651  136  323 1416  242
        16   16   15   17   15   16   15   17   16   15   13   15   19   14   20   23   27   26   21   19   18   12   17   18        19        20        15        20
                                                                                                                                                                     
       491  420  377  367  407  479  565  642  696  706  670  590  493  390  314  271  281  333  420  519  606  664  680  647  832  711 2158  681  232  361 1527  268
  723  469  395  343  328  358  426  510  590  644  657  620  543  447  353  276  235  242  300  392  496  592  656  671  635  845  659 2147  672  250  328 1520  232
        22   25   34   39   49   53   55   52   52   49   50   47   46   37   38   36   39   33   28   23   14    8    9   12        52         9        33        36
                                max                                                                                                                                  
       576  487  397  338  312  349  420  506  579  634  647  607  528  428  323  245  200  213  281  378  485  579  642  654  944  649 2239  657  401  311 1624  197
  724  564  478  397  337  319  351  423  513  598  656  667  625  541  439  339  258  218  233  300  402  515  615  678  685  942  670 2238  689  351  318 1613  216
        12    9    0    1   -7   -2   -3   -7  -19  -22  -20  -18  -13  -11  -16  -13  -18  -20  -19  -24  -30  -36  -36  -31       -21       -32        -7       -19
                                                                                                                                                                     
1
   TP: 1410      S.N.    440   PINGTAN               LAT.  25.28'   LON. 119.50'         2014.  LEV.  376  W.L.  710    H.G.Y.2009

         0    1    2    3    4    5    6    7    8    9   10   11   12   13   14   15   16   17   18   19   20   21   22   23 TIME   HT TIME   HT TIME   LT TIME   LT
+
       229  267  341  428  506  558  571  541  471  377  281  204  163  174  229  315  408  490  539  550  522  462  390  319  549  572 1844  551 1216  161          
  721  211  249  321  409  490  545  559  528  459  366  268  189  149  158  211  296  392  477  531  546  520  461  383  306  548  560 1851  546 1219  147          
        18   18   20   19   16   13   12   13   12   11   13   15   14   16   18   19   16   13    8    4    2    1    7   13        12         5        14          
                                                                                                                                                                     
       263  246  268  328  409  485  541  558  538  474  386  290  211  166  170  218  302  397  485  547  567  548  495  418  647  560 2001  568   48  245 1326  159
  722  250  231  254  314  395  475  534  554  532  470  381  284  201  154  152  199  281  380  472  536  561  544  489  411  658  554 2005  561   56  231 1331  147
        13   15   14   14   14   10    7    4    6    4    5    6   10   12   18   19   21   17   13   11    6    4    6    7         6         7        14        12
                                                                                                                                                                     
       344  285  261  278  345  435  517  582  608  590  529  435  338  248  195  186  227  306  397  491  561  587  570  499  808  611 2046  591  202  260 1437  182
  723  329  265  234  248  304  386  471  534  560  542  481  390  289  201  146  141  188  277  384  483  553  582  564  505  805  561 2106  582  211  234 1436  137
        15   20   27   30   41   49   46   48   48   48   48   45   49   47   49   45   39   29   13    8    8    5    6   -6        50         9        26        45
                                                                                                                                    max                              
       421  319  244  213  230  289  382  475  537  560  527  454  354  252  160  108  109  168  272  384  484  548  567  533  855  561 2152  567  313  208 1525   99
  724  420  331  258  223  238  299  389  479  546  571  548  479  380  273  182  128  129  187  288  404  507  577  598  569  901  571 2155  598  312  222 1529  122
         1  -12  -14  -10   -8  -10   -7   -4   -9  -11  -21  -25  -26  -21  -22  -20  -20  -19  -16  -20  -23  -29  -31  -36       -10       -31       -14       -23
                                                                                                                                                                     
1
   TP: 1410      S.N.   3519   CHMEN                 LAT.  26.08'   LON. 119.36'         2014.  LEV.  367  W.L.  678    H.G.Y.2008

         0    1    2    3    4    5    6    7    8    9   10   11   12   13   14   15   16   17   18   19   20   21   22   23 TIME   HT TIME   HT TIME   LT TIME   LT
+
       215  240  321  415  496  541  546  519  454  375  291  227  184  165  198  300  401  484  529  540  508  453  386  310  536  548 1851  541    2  215 1303  165
  721  185  207  274  372  462  520  535  507  450  371  287  212  156  137  169  255  366  460  519  532  507  450  372  297  551  535 1850  532    1  185 1252  137
        30   33   47   43   34   21   11   12    4    4    4   15   28   28   29   45   35   24   10    8    1    3   14   13        13         9        30        28
                                                                                                                                                                     
       259  234  242  308  392  473  524  541  513  459  386  303  235  190  166  191  283  394  487  535  561  538  486  423  653  541 2012  562  116  232 1410  163
  722  236  205  212  264  352  438  499  520  502  452  378  297  223  165  137  156  235  345  447  515  537  519  466  392  702  520 2003  537  119  203 1405  137
        23   29   30   44   40   35   25   21   11    7    8    6   12   25   29   35   48   49   40   20   24   19   20   31        21        25        29        26
                                                                                                                                                                     
       341  281  252  258  324  417  508  573  596  579  535  449  363  306  274  229  250  332  424  519  589  592  575  521  755  598 2023  598  233  246 1516  226
  723  317  252  213  208  254  338  426  491  518  503  451  377  300  226  167  133  148  229  344  454  527  551  529  472  808  518 2101  551  235  204 1511  132
        24   29   39   50   70   79   82   82   78   76   84   72   63   80  107   96  102  103   80   65   62   41   46   49        80        47        42        94
                                                                             max                                                                                     
       438  358  305  262  248  289  392  479  538  558  533  455  364  288  224  181  152  170  257  375  484  550  558  523  919  560 2130  562  352  247 1618  149
  724  397  318  251  209  203  253  343  435  503  528  505  444  367  289  218  161  127  150  244  369  484  554  568  531  901  528 2146  569  336  198 1605  127
        41   40   54   53   45   36   49   44   35   30   28   11   -3   -1    6   20   25   20   13    6    0   -4  -10   -8        32        -7        49        22
                                                                                                                                                                     
1
   TP: 1410      S.N.   3606   BJIAO                 LAT.  26.22'   LON. 119.56'         2014.  LEV.  448  W.L.  808    H.G.Y.2010

         0    1    2    3    4    5    6    7    8    9   10   11   12   13   14   15   16   17   18   19   20   21   22   23 TIME   HT TIME   HT TIME   LT TIME   LT
+
       325  386  469  556  624  652  642  588  500  401  312  255  239  274  351  450  544  610  639  629  582  506  423  359  507  654 1814  642 1149  239          
  721  303  360  442  527  594  627  619  569  485  385  295  239  226  258  330  425  518  587  621  614  569  494  410  342  518  629 1820  623 1147  225          
        22   26   27   29   30   25   23   19   15   16   17   16   13   16   21   25   26   23   18   15   13   12   13   17        25        19        14          
                                                                                                                                                                     
       324  331  375  449  530  597  638  633  589  511  415  321  258  232  260  335  440  537  617  656  653  612  539  452  621  641 1911  660   16  321 1254  231
  722  305  308  351  424  507  576  616  619  579  499  399  305  240  215  238  307  406  506  585  631  636  597  522  433  633  623 1936  639   25  301 1300  215
        19   23   24   25   23   21   22   14   10   12   16   16   18   17   22   28   34   31   32   25   17   15   17   19        18        21        20        16
                                                                                                                                                                     
       379  335  335  378  455  548  636  679  680  639  550  454  354  295  266  280  354  456  550  643  688  680  638  549  726  690 2014  691  140  326 1352  259
  723  355  306  298  334  407  494  570  618  628  590  508  403  301  227  196  218  293  400  510  598  650  657  614  532  741  630 2038  661  141  295 1405  196
        24   29   37   44   48   54   66   61   52   49   42   51   53   68   70   62   61   56   40   45   38   23   24   17        60        30        31        63
                                                                             max                                                                                     
       441  367  322  314  351  431  523  606  649  654  595  494  374  272  204  188  227  311  421  531  622  665  655  591  842  661 2119  668  239  305 1439  185
  724  433  346  290  281  322  403  497  579  630  637  592  500  386  279  203  175  208  297  416  533  622  671  668  611  838  641 2126  676  241  278 1457  175
         8   21   32   33   29   28   26   27   19   17    3   -6  -12   -7    1   13   19   14    5   -2    0   -6  -13  -20        20        -8        27        10
                                                                                                                                                                     
1
   TP: 1410      S.N.    430   SANSHA                LAT.  26.55'   LON. 120.13'         2014.  LEV.  491  W.L.  825    H.G.Y.2009

         0    1    2    3    4    5    6    7    8    9   10   11   12   13   14   15   16   17   18   19   20   21   22   23 TIME   HT TIME   HT TIME   LT TIME   LT
+
       388  452  537  612  659  670  637  581  494  404  330  289  292  338  422  516  596  643  654  634  582  508  434  382  441  672 1747  655 1125  283          
  721  372  439  522  597  645  659  634  574  488  397  321  279  282  330  415  510  589  637  652  631  578  504  431  378  451  659 1754  652 1127  275          
        16   13   15   15   14   11    3    7    6    7    9   10   10    8    7    6    7    6    2    3    4    4    3    4        13         3         8          
                                                                                                                                                                     
       366  386  438  509  583  637  658  633  582  504  415  336  286  278  320  404  487  578  633  654  638  593  516  440  558  658       655    1  366 1236  276
  722  358  377  432  507  580  633  655  639  586  505  414  333  281  273  317  400  498  584  644  670  657  606  532  453  605  655 1909  671    1  357 1239  270
         8    9    6    2    3    4    3   -6   -4   -1    1    3    5    5    3    4  -11   -6  -11  -16  -19  -13  -16  -13         3       -16         9         6
                                                                                                                                                                     
       379  348  364  410  483  568  631  667  667  606  530  444  352  288  278  315  398  521  639  697  725  693  647  555  728  677 2249  543  105  347 1359  277
  723  390  359  370  421  496  574  634  663  650  597  514  419  330  269  259  306  396  501  596  665  694  679  622  539  711  663 2009  695  114  358 1341  256
       -11  -11   -6  -11  -13   -6   -3    4   17    9   16   25   22   19   19    9    2   20   43   32   31   14   25   16        14      -152       -11        21
                                                                                                                                                                     
       460  370  351  353  397  467  554  635  663  638  433   62  184  240  220  248  299  391  508  609  667  682  654  587  802  664 2050  685  238  347 1251  -90
  724  452  381  346  358  415  498  583  647  675  657  597  506  403  307  246  244  305  408  523  623  691  713  685  615  806  676 2056  713  214  344 1432  237
         8  -11    5   -5  -18  -31  -29  -12  -12  -19 -164 -444 -219  -67  -26    4   -6  -17  -15  -14  -24  -31  -31  -28       -12       -28         3      -327
                                                                                                                                                                     
1
   TP: 1410      S.N.      0   QINYU                 LAT.  27.02'   LON. 120.17'         2014.  LEV.  417  W.L.    0    H.G.Y.2010

         0    1    2    3    4    5    6    7    8    9   10   11   12   13   14   15   16   17   18   19   20   21   22   23 TIME   HT TIME   HT TIME   LT TIME   LT
+
       288  356  439  505  552  557  519  460  375  286  217  180  193  243  329  417  494  539  542  519  464  390  318  272  440  562 1731  546 1118  177          
  721  290  353  428  502  553  566  543  490  411  322  246  200  201  246  320  406  487  539  556  539  490  421  350  293  452  566 1759  556 1129  195          
        -2    3   11    3   -1   -9  -24  -30  -36  -36  -29  -20   -8   -3    9   11    7    0  -14  -20  -26  -31  -32  -21        -4       -10       -18          
                                                                                                                                                                     
       261  286  341  411  483  529  546  517  461  385  295  226  178  179  222  316  409  499  548  566  546  493  413  345  549  549 1849  568           1228  172
  722  270  289  339  407  480  535  557  544  497  421  333  249  193  184  222  292  384  474  540  569  559  513  443  365  607  557 1914  570    2  270 1241  182
        -9   -3    2    4    3   -6  -11  -27  -36  -36  -38  -23  -15   -5    0   24   25   25    8   -3  -13  -20  -30  -20        -8        -2      -270       -10
                                                                                                                                                                     
       288  268  291  340  427  510  568  582  565  493  413  324  241  199  205  252  328  431  516  578  594  575  502  431  724  593 2015  601   56  260 1311  184
  723  297  263  274  319  388  466  529  559  551  503  426  332  239  175  162  199  275  377  479  555  589  576  524  448  716  561 2013  590  115  262 1345  161
        -9    5   17   21   39   44   39   23   14  -10  -13   -8    2   24   43   53   53   54   37   23    5   -1  -22  -17        32        11        -2        23
                                                                                            max                                                                      
       345  272  264  270  342  396  506  552  580  533  486  373  253  163  129  137  198  290  410  502  558  565  536  461  747  584 2043  570  126  247 1411  125
  724  359  282  246  256  306  383  469  538  570  556  500  416  315  214  150  142  189  279  395  504  580  606  580  517  811  570 2059  606  216  244 1438  139
       -14  -10   18   14   36   13   37   14   10  -23  -14  -43  -62  -51  -21   -5    9   11   15   -2  -22  -41  -44  -56        14       -36         3       -14
                                                                                                                                                                     
1
   TP: 1410      S.N.      0   SHIPENG               LAT.  27.24'   LON. 120.38'         2014.  LEV.  213  W.L.    0    H.G.Y.2010

         0    1    2    3    4    5    6    7    8    9   10   11   12   13   14   15   16   17   18   19   20   21   22   23 TIME   HT TIME   HT TIME   LT TIME   LT
+
       137  201  275  338  375  373  334  267  187  104   44   18   37   95  169  251  322  362  363  329  274  207  144  103  432  380 1742  367 1103   18 2341   95
  721  131  196  268  331  367  366  328  263  182  100   38   15   35   91  168  251  320  358  359  327  271  204  140  100  427  371 1730  363 1101   15 2338   93
         6    5    7    7    8    7    6    4    5    4    6    3    2    4    1    0    2    4    4    2    3    3    4    3         9         4         3         2
                                                                                                                                                                     
        98  131  189  253  315  352  361  331  268  193  114   47   12   22   74  156  247  327  376  385  356  300  228  163  539  364 1839  389 1206   11          
  722   95  125  181  249  313  355  363  334  275  196  112   43    8   17   67  146  236  317  367  378  352  297  226  155  542  364 1847  379 1217    6          
         3    6    8    4    2   -3   -2   -3   -7   -3    2    4    4    5    7   10   11   10    9    7    4    3    2    8         0        10         5          
                                                                                                                                                                     
       115  104  126  189  266  336  376  391  366  296  216  130   52   18   29   82  169  267  366  407  408  378  313  232  640  397 1931  414  102  102 1318   14
  723  104   87  110  164  236  305  354  368  342  283  201  111   33  -10   -4   50  138  239  329  386  399  368  307  228  650  369 1947  399   54   87 1322  -13
        11   17   16   25   30   31   22   23   24   13   15   19   19   28   33   32   31   28   37   21    9   10    6    4        28        15        15        27
                                                                             max                                                                                     
       158   95   80  123  177  260  326  385  385  351  282  186   78  -11  -44  -25   47  143  245  334  388  386  338  267  735  394 2038  390  145   76 1405  -45
  724  148   88   69   96  158  237  313  365  377  345  278  188   91    7  -35  -20   49  151  261  355  409  412  369  295  746  378 2033  416  155   69 1414  -36
        10    7   11   27   19   23   13   20    8    6    4   -2  -13  -18   -9   -5   -2   -8  -16  -21  -21  -26  -31  -28        16       -26         7        -9
                                                                                                                                                                     
1
   TP: 1410      S.N.  72915   AOJIANG               LAT.  27.36'   LON. 120.34'         2014.  LEV.  233  W.L.  560    H.G.Y.2008

         0    1    2    3    4    5    6    7    8    9   10   11   12   13   14   15   16   17   18   19   20   21   22   23 TIME   HT TIME   HT TIME   LT TIME   LT
+
       144  226  303  373  407  398  348  283  207  136   79   36   17   89  178  279  360  397  398  345  286  225  180  130  423  415 1608  370 1151   15          
  721  129  214  301  369  398  388  339  278  206  139   75   28   27   79  173  286  370  412  394  348  286  222  159  109  415  399 1712  413 1131   20 2348   94
        15   12    2    4    9   10    9    5    1   -3    4    8  -10   10    5   -7  -10  -15    4   -3    0    3   21   21        16       -43        -5       -94
                                                                                                                                                                     
        97  131  207  285  346  389  395  355  292  215  151   95   56   27   74  164  276  364  419  428  373  322  245  177  600  395 1852  433 1313   24          
  722   95  128  197  284  349  387  388  352  295  225  156   89   39   25   58  151  270  371  427  421  380  318  253  185  530  392 1824  432 1248   24          
         2    3   10    1   -3    2    7    3   -3  -10   -5    6   17    2   16   13    6   -7   -8    7   -7    4   -8   -8         3         1         0          
                                                                                                                                                                     
       129   98  140  209  293  386  419  417  401  336  250  182  117   72   55   85  195  315  402  480  447  403  355  265  710  434 1853  487  122   91 1433   51
  723  125   93  110  181  273  342  392  401  370  308  235  161   94   40   13   39  140  269  389  452  449  401  334  263  643  402 1927  459  109   92 1400   13
         4    5   30   28   20   44   27   16   31   28   15   21   23   32   42   46   55   46   13   28   -2    2   21    2        32        28        -1        38
                                                                                                                                                                     
       215  170  149  139  223  293  386  404  450  379  309  248  173  126   96   80   74  163  275  383  436  418  365  294  802  452 2027  446  239  135 1556   74
  724  189  117   74   92  178  274  351  408  418  379  306  227  151   86   31   -2   32  147  291  420  479  465  400  324  742  420 2018  483  212   73 1459   -2
        26   53   75   47   45   19   35   -4   32    0    3   21   22   40   65   82   42   16  -16  -37  -43  -47  -35  -30        32       -37        62        76
                                                                                                                                                                     
1
   TP: 1410      S.N.      0   RUIANH                LAT.  27.37'   LON. 121.11'         2014.  LEV.  222  W.L.    0    H.G.Y.2010

         0    1    2    3    4    5    6    7    8    9   10   11   12   13   14   15   16   17   18   19   20   21   22   23 TIME   HT TIME   HT TIME   LT TIME   LT
+
       177  239  300  350  372  358  311  243  166  101   59   53   82  136  205  273  330  359  352  313  258       148  123                                        
  721  165  226  290  341  367  359  317  251  177  108   61   48   72  126  197  270  328  357  352  316  262  202  151  122  415  368 1720  359 1051   47 2325  119
        12   13   10    9    5   -1   -6   -8  -11   -7   -2    5   10   10    8    3    2    2    0   -3   -4        -3    1      -368      -359       -47      -119
                                                                                                                                                                     
       131  168  222  279  326  355  351  316  252  178  106   60   42   60  112  185  265  332  374  376  343       222  164           1836  379                    
  722  125  158  211  271  325  357  357  323  263  190  117   60   36   53  105  178  258  326  367  371  341  287  222  161  530  361 1836  374 1205   36          
         6   10   11    8    1   -2   -6   -7  -11  -12  -11    0    6    7    7    7    7    6    7    5    2 -287    0    3      -361         5       -36          
                                                                                                                                                                     
       127  124  156  212  278  333  372  373  343  290  204  110   51   24   46  101  185  272  353  394  399  358  300  230  610  378 1935  406   27  123 1311   20
  723  121  115  144  197  260  319  358  363  331  270  192  111   45   16   34   91  172  261  339  386  390  356  295  220  638  365 1936  393   39  113 1307   16
         6    9   12   15   18   14   14   10   12   20   12   -1    6    8   12   10   13   11   14    8    9    2    5   10        13        13        10         4
                                                                                                                                                                     
       161  121  115  151  213  281  337  373  380  342  273  189  104   23  -10   30  103  197  285  358  400  391  343  277  738  383 2015  403  142  112 1355  -10
  724  149  104   99  133  193  262  327  367  369  332  263  177   87   19   -3   23   93  186  284  364  406  400  354  281  733  373 2022  409  137   97 1357   -4
        12   17   16   18   20   19   10    6   11   10   10   12   17    4   -7    7   10   11    1   -6   -6   -9  -11   -4        10        -6        15        -6
                                                                                                                                                                     
1
   TP: 1410      S.N.    424   KANMEN                LAT.  28.05'   LON. 121.17'         2014.  LEV.  389  W.L.  740    H.G.Y.2009

         0    1    2    3    4    5    6    7    8    9   10   11   12   13   14   15   16   17   18   19   20   21   22   23 TIME   HT TIME   HT TIME   LT TIME   LT
+
       376  442  505  539  551  526  466  388  313  250  222  234  274  334  410  477  527  544  523  471  406  341  298  294  344  557 1651  549 1011  220 2256  290
  721  360  425  486  527  540  517  459  380  300  241  213  221  262  327  403  472  522  539  518  465  397  337  298  288  350  540 1656  539 1016  212 2249  288
        16   17   19   12   11    9    7    8   13    9    9   13   12    7    7    5    5    5    5    6    9    4    0    6        17        10         8         2
                                                                                                                                                                     
       313  357  429  478  522  531  514  470  399  320  252  217  218  253  313  388  472  535  565  551  494  431  362  311  445  537 1812  568 1110  204          
  722  308  352  410  469  515  536  521  471  397  318  252  213  211  245  308  389  469  531  559  544  494  426  358  308  505  536 1809  559 1134  207          
         5    5   19    9    7   -5   -7   -1    2    2    0    4    7    8    5   -1    3    4    6    7    0    5    4    3         1         9        -3          
                                                                                                                                                                     
       293  315  354  429  498  530  549  536  489  414  329  250  200  210  238  309  408  495  566  579  573  509  442  364  607  562 1932  592 1158  188 1158  188
  723  287  299  340  399  463  518  545  534  484  408  322  246  199  192  228  299  391  484  554  584  567  512  435  356  612  546 1908  584    8  287 1239  190
         6   16   14   30   35   12    4    2    5    6    7    4    1   18   10   10   17   11   12   -5    6   -3    7    8        16         8       -99        -2
                                                                                                                                                                     
       311  281  296  355  413  499  533  561  552  490  397  299  220  166  161  221  313  424  499  557  576  555  484  391  724  562 2001  579   30  274 1329  158
  724  296  270  284  331  399  473  533  560  544  487  402  307  222  173  173  222  307  412  512  582  604  576  509  419  707  560 1956  604  108  270 1329  167
        15   11   12   24   14   26    0    1    8    3   -5   -8   -2   -7  -12   -1    6   12  -13  -25  -28  -21  -25  -28         2       -25         4        -9
                                                                                                                                                                     

