1
   TP: 1415      S.N.  10723   FANGCG                LAT.  21.37'   LON. 108.20'         2014.  LEV.  233  W.L.  510    H.G.Y.2009

         0    1    2    3    4    5    6    7    8    9   10   11   12   13   14   15   16   17   18   19   20   21   22   23 TIME   HT TIME   HT TIME   LT TIME   LT
+
       213  213  217  217  224  244  276  312  351  386  406  407  386  353  309  256  204  168  138  132  131  136  145  161           1029  408           1948  129
  915  218  217  215  215  225  245  278  317  358  390  404  395  369  331  286  239  195  160  137  127  131  145  162  177    5  218 1006  404  212  214 1913  126
        -5   -4    2    2   -1   -1   -2   -5   -7   -4    2   12   17   22   23   17    9    8    1    5    0   -9  -17  -16      -218         4      -214         3
                                                                                                                                                                     
       170  182  192  191  195  202  221  255  288  320  343  362  362  332  284  229  193  135  167  171  204  234  271  289 1119  367           1708  132          
  916  186  193  198  202  211  228  254  290  332  372  403  415  407  382  345  300  253  210  173  145  128  124  130  141 1105  415           2055  124          
       -16  -11   -6  -11  -16  -26  -33  -35  -44  -52  -60  -53  -45  -50  -61  -71  -60  -75   -6   26   76  110  141  148       -48                   8          
                                                                                                                          max                                        
       289  309  319  303  297  310  334  355  383  433  453  469  487  489  458  414  363  301  246  199  162  137  124  119  212  324            442  297          
  917  153  165  176  185  195  208  229  258  294  334  373  401  413  406  384  349  306  261  220  182  151  128  118  118 1208  413           2229  116          
       136  144  143  118  102  102  105   97   89   99   80   68   74   83   74   65   57   40   26   17   11    9    6    1       -89                 181          
                                                                                                                                                                     
       121  135  154  172  184  190  198  216  242  275  316  359  393  410  412  394  358  313  260  215  178  150  135  131 1341  415                              
  918  125  138  154  168  180  192  208  230  258  291  328  364  390  402  398  378  346  305  264  224  187  153  128  114 1314  402           2340  112          
        -4   -3    0    4    4   -2  -10  -14  -16  -16  -12   -5    3    8   14   16   12    8   -4   -9   -9   -3    7   17        13                -112          
                                                                                                                                                                     
1
   TP: 1415      S.N.  10724   QINZHOU               LAT.  21.41'   LON. 108.37'         2014.  LEV.  326  W.L.    0    H.G.Y.2008

         0    1    2    3    4    5    6    7    8    9   10   11   12   13   14   15   16   17   18   19   20   21   22   23 TIME   HT TIME   HT TIME   LT TIME   LT
+
       307  306  304  300  301  321  353  395  440  475  498  500  486  451  399  344  292  249  219  208  205  210  225  242 1042  503                     2004  204
  915  317  310  303  300  306  326  358  400  442  474  486  477  448  407  361  315  274  242  221  215  222  239  259  276 1004  486            247  300 1857  215
       -10   -4    1    0   -5   -5   -5   -5   -2    1   12   23   38   44   38   29   18    7   -2   -7  -17  -29  -34  -34        17                -300       -11
                                                                                                                                                                     
       258  271  278  269  274  274  289  323  355  390  419  434  436  411  364  305  253  203  227  243  284  325  354  364  150  282 1141  441  316  267 1714  196
  916  286  290  290  290  295  310  336  374  418  459  489  500  490  461  418  370  322  279  245  222  210  210  220  235  124  291 1101  500  231  289 2030  209
       -28  -19  -12  -21  -21  -36  -47  -51  -63  -69  -70  -66  -54  -50  -54  -65  -69  -76  -18   21   74  115  134  129        -9       -59       -22       -13
                                                                                                                                                                     
       398  409  403  410  389  376  397  427  450  507  535  565  582  578  554  507  448  389  325  277  241  215  198  198  229  425 1257  592  421  369          
  917  253  267  276  282  287  297  317  347  386  428  467  495  507  499  471  429  379  331  287  252  226  209  202  206 1205  507           2207  202          
       145  142  127  128  102   79   80   80   64   79   68   70   75   79   83   78   69   58   38   25   15    6   -4   -8       -82                 167          
       max                                                                                                                                                           
       202  216  243  263  271  277  281  295  320  356  400  451  485  505  509  493  456  405  349  296  256  229  212  206 1345  510           2310  205          
  918  220  240  259  273  283  291  303  324  354  391  430  466  494  507  501  476  436  387  339  296  260  230  208  196 1312  507           2321  195          
       -18  -24  -16  -10  -12  -14  -22  -29  -34  -35  -30  -15   -9   -2    8   17   20   18   10    0   -4   -1    4   10         3                  10          
                                                                                                                                                                     
1
   TP: 1415      S.N.  10722   WEIZHOU               LAT.  21.01'   LON. 109.07'         2014.  LEV.  208  W.L.  480    H.G.Y.2009

         0    1    2    3    4    5    6    7    8    9   10   11   12   13   14   15   16   17   18   19   20   21   22   23 TIME   HT TIME   HT TIME   LT TIME   LT
+
       198  190  187  189  202  227  263  304  341  371  384  377  350  309  260  210  167  129  111  106  110  122  140  157 1017  385            217  185          
  915  194  188  184  187  202  229  266  306  342  367  374  362  333  290  240  191  149  119  104  102  112  128  145  158  953  374            204  184 1837  102
         4    2    3    2    0   -2   -3   -2   -1    4   10   15   17   19   20   19   18   10    7    4   -2   -6   -5   -1        11                   1      -102
                                                                                                                                                                     
       165  170  168  171  182  200  226  265  301  335  366  375  379  346  325  281  256  209  223  192  170  180  194  206 1146  380           2032  168          
  916  166  168  169  173  185  207  240  280  321  356  378  384  372  343  302  254  206  163  129  108  100  102  111  123 1049  384           2018   99          
        -1    2   -1   -2   -3   -7  -14  -15  -20  -21  -12   -9    7    3   23   27   50   46   94   84   70   78   83   83        -4                  69          
                                                                                                                                                                     
       219  226  224  233  231  249  264  294  340  376  422  447  456  433  395  346  282  226  176  134  105   86   81   86 1200  456                              
  917  136  145  152  159  168  185  211  245  284  323  355  375  381  370  344  307  262  216  173  137  112   97   94  100 1149  381           2152   94          
        83   81   72   74   63   64   53   49   56   53   67   72   75   63   51   39   20   10    3   -3   -7  -11  -13  -14        75                 -94          
                                                                                                                                                                     
       103  119  130  139  147  154  169  193  226  266  307  343  367  376  368  342  304  256  211  167  136  113  101  100 1308  378                              
  918  110  123  135  146  156  170  189  214  246  281  316  345  364  370  361  339  306  266  222  180  142  114   98   92 1254  370           2302   92          
        -7   -4   -5   -7   -9  -16  -20  -21  -20  -15   -9   -2    3    6    7    3   -2  -10  -11  -13   -6   -1    3    8         8                 -92          
                                                                                                                                                                     
1
   TP: 1415      S.N.  10721   BEIHAI                LAT.  21.29'   LON. 109.05'         2014.  LEV.  258  W.L.  550    H.G.Y.2006

         0    1    2    3    4    5    6    7    8    9   10   11   12   13   14   15   16   17   18   19   20   21   22   23 TIME   HT TIME   HT TIME   LT TIME   LT
+
       247  240  232  229  239  261  296  341  387  422  440  438  413  369  315  253  207  170  148  140  144  153  173  191 1022  443            243  229 1905  140
  915  236  233  229  229  238  260  294  336  377  407  419  410  383  345  302  258  218  185  162  151  152  161  174  186 1003  419            227  228 1927  150
        11    7    3    0    1    1    2    5   10   15   21   28   30   24   13   -5  -11  -15  -14  -11   -8   -8   -1    5        24                   1       -10
                                                                                                                                                                     
       207  216  211  207  210  222  245  274  316  358  387  404  402  364  321  267  211  195  173  183  225  252  255  268 1142  410           1803  171          
  916  196  202  206  210  220  239  268  306  348  387  412  421  410  384  347  306  265  226  193  167  150  142  144  151 1055  421           2122  142          
        11   14    5   -3  -10  -17  -23  -32  -32  -29  -25  -17   -8  -20  -26  -39  -54  -31  -20   16   75  110  111  117       -11                  29          
                                                                                                                                                                     
       278  293  295  294  295  289  309  353  383  425  470  507  515  504  473  418  354  282  224  182  150  128  119  124 1150  516           2200  119          
  917  162  173  184  193  204  221  244  277  316  356  390  413  419  407  382  346  307  268  232  200  173  152  140  138 1150  419           2248  138          
       116  120  111  101   91   68   65   76   67   69   80   94   96   97   91   72   47   14   -8  -18  -23  -24  -21  -14        97                 -19          
            max                                                                                                                                                      
       138  158  181  193  198  202  211  228  259  300  346  392  425  438  433  411  370  317  260  212  177  155  141  137 1313  439           2249  137          
  918  144  155  169  182  194  209  228  254  287  324  361  393  412  417  405  380  345  306  269  235  204  177  156  144 1247  417           2342  142          
        -6    3   12   11    4   -7  -17  -26  -28  -24  -15   -1   13   21   28   31   25   11   -9  -23  -27  -22  -15   -7        22                  -5          
                                                                                                                                                                     
1
   TP: 1415      S.N.  88913   TIESHAN               LAT.  21.36'   LON. 109.35'         2014.  LEV.  370  W.L.    0    H.G.Y.2011

         0    1    2    3    4    5    6    7    8    9   10   11   12   13   14   15   16   17   18   19   20   21   22   23 TIME   HT TIME   HT TIME   LT TIME   LT
+
       409  392  356  321  316  347  390  443  502  557  595  599  568  516  457  392  331  279  245  229  239  266  297  326 1036  602            337  313 1909  229
  915  386  366  338  317  317  342  383  431  481  526  552  548  520  480  433  380  325  280  251  243  254  281  315  341 1022  554            330  314 1855  243
        23   26   18    4   -1    5    7   12   21   31   43   51   48   36   24   12    6   -1   -6  -14  -15  -15  -18  -15        48                  -1       -14
                                                                                                                                                                     
       348  354  347  326  306  301  328  370  412  456  499  521  523  488  434  387  348  335  351  364  382  386  394  389  110  355 1142  526  447  300 1634  330
  916  353  349  333  316  311  326  363  410  460  508  545  560  548  516  475  429  378  328  286  259  250  255  272  294   14  353 1103  561  345  310 2009  249
        -5    5   14   10   -5  -25  -35  -40  -48  -52  -46  -39  -25  -28  -41  -42  -30    7   65  105  132  131  122   95         2       -35       -10        81
                                                                                                                                                                     
       386  399  426  439  432  410  398  414  461  525  592  653  690  682  628  558  490  424  360  298  251  226  218  224  308  439 1222  695  609  398 2204  218
  917  314  324  322  312  306  312  338  380  429  478  522  553  561  544  511  469  423  373  326  288  263  252  252  262  120  324 1149  561  359  306 2129  251
        72   75  104  127  126   98   60   34   32   47   70  100  129  138  117   89   67   51   34   10  -12  -26  -34  -38       115       134        92       -33
                                                                        max                                                                                          
       251  288  322  340  335  317  304  315  349  401  458  517  566  594  589  555  509  453  395  335  284  254  244  247 1320  596                              
  918  279  297  308  309  305  306  320  349  391  439  486  527  554  560  544  511  468  419  369  323  286  262  250  247 1246  560           2241  247          
       -28   -9   14   31   30   11  -16  -34  -42  -38  -28  -10   12   34   45   44   41   34   26   12   -2   -8   -6    0        36                -247          
                                                                                                                                                                     
1
   TP: 1415      S.N.    743   DONGFANG              LAT.  19.06'   LON. 108.37'         2014.  LEV.  189  W.L.  370    H.G.Y.2009

         0    1    2    3    4    5    6    7    8    9   10   11   12   13   14   15   16   17   18   19   20   21   22   23 TIME   HT TIME   HT TIME   LT TIME   LT
+
       155  174  199  229  255  283  297  304  303  291  268  253  227  205  188  177  171  161  160  151  139  139  131  132  748  305           2227  128          
  915  157  176  200  228  255  277  291  294  287  272  251  229  208  189  174  163  156  152  148  142  135  128  124  126  648  294           2214  124          
        -2   -2   -1    1    0    6    6   10   16   19   17   24   19   16   14   14   15    9   12    9    4   11    7    6        11                   4          
                                                                                                                                                                     
       144  157  184  194  235  267  282  311  318  312  296  293  275  252  236  207  201  189  175  177  165  159  149  152  730  323           2214  140          
  916  134  150  172  199  228  256  279  293  298  294  281  264  243  221  201  183  168  157  148  140  131  124  118  116  800  298           2252  116          
        10    7   12   -5    7   11    3   18   20   18   15   29   32   31   35   24   33   32   27   37   34   35   31   36        25                  24          
                                                                                                                                                                     
       152  164  184  219  245  282  315  342  356  366  354  336  315  281  260  230  206  183  164  150  134  128  115  109  901  367                              
  917  119  129  146  169  196  224  252  274  290  297  295  285  270  250  229  207  187  170  156  145  135  127  120  115  917  297           2335  115          
        33   35   38   50   49   58   63   68   66   69   59   51   45   31   31   23   19   13    8    5   -1    1   -5   -6        70                -115          
                                                                                                                                    max                              
       108  103  114  130  151  179  209  238  256  275  284  288  283  271  251  230  210  192  177  166  158  154  147  144 1046  288                              
  918  115  120  130  147  168  194  220  246  268  284  292  293  285  271  252  231  209  189  171  156  144  136  129  124 1032  293                              
        -7  -17  -16  -17  -17  -15  -11   -8  -12   -9   -8   -5   -2    0   -1   -1    1    3    6   10   14   18   18   20        -5                              
                                                                                                                                                                     
1
   TP: 1415      S.N.    218   SANYA                 LAT.  18.14'   LON. 109.32'         2014.  LEV.  133  W.L.  255    H.G.Y.2009

         0    1    2    3    4    5    6    7    8    9   10   11   12   13   14   15   16   17   18   19   20   21   22   23 TIME   HT TIME   HT TIME   LT TIME   LT
+
       169  180  191  192  186  174  155  142  124  113  100   98   99  114  117  125  130  124  131  123  122  128  143  158  253  195 1747  140 1053   94 2000  122
  915  169  183  193  195  190  178  161  141  123  110  102  100  104  110  118  124  127  128  126  124  124  127  134  145  250  196 1642  128 1049  100 1936  123
         0   -3   -2   -3   -4   -4   -6    1    1    3   -2   -2   -5    4   -1    1    3   -4    5   -1   -2    1    9   13        -1        12        -6        -1
                                                                                                                                                                     
       161  177  192  205  214  199  195  181  165  158  152  129  127  131  146  149  143  157  162  141  132  149  150  159  359  214           1158  107          
  916  159  173  185  192  193  188  176  160  143  127  114  105  102  103  107  112  116  120  122  123  124  126  131  139  339  194           1217  102          
         2    4    7   13   21   11   19   21   22   31   38   24   25   28   39   37   27   37   40   18    8   23   19   20        20                   5          
                                                                                                                                                                     
       176  176  200  210  213  217  204  197  183  168  144  122  104   93   95  101  105  100  104  106  107  115  115  118  533  223           1259   90          
  917  149  161  173  183  189  189  184  174  160  145  130  117  108  103  102  104  108  113  117  121  124  127  131  136  435  190           1349  102          
        27   15   27   27   24   28   20   23   23   23   14    5   -4  -10   -7   -3   -3  -13  -13  -15  -17  -12  -16  -18        33                 -12          
                                                                                                                                                                     
       124  127  138  154  164  173  169  169  158  147  132  119  112  100   96   93  100  105  118  128  136  141  145  145  551  175           1454   92          
  918  143  152  162  172  180  185  186  181  173  161  147  133  120  111  105  104  105  109  114  120  124  129  132  136  537  186           1501  104          
       -19  -25  -24  -18  -16  -12  -17  -12  -15  -14  -15  -14   -8  -11   -9  -11   -5   -4    4    8   12   12   13    9       -11                 -12          
                                                                                                                                                                     
1
   TP: 1415      S.N.    742   QINGLANH              LAT.  19.34'   LON. 110.49'         2014.  LEV.  101  W.L.  240    H.G.Y.2009

         0    1    2    3    4    5    6    7    8    9   10   11   12   13   14   15   16   17   18   19   20   21   22   23 TIME   HT TIME   HT TIME   LT TIME   LT
+
       149  165  172  170  161  141  123  106   90   81   78   86   99  109  114  121  126  125  126  122  136  131  143  164  227  176           1013   77          
  915  146  160  167  166  157  141  121  101   84   74   70   73   81   92  101  107  110  108  105  102  101  104  112  123  223  168 1609  110 1000   70 1943  101
         3    5    5    4    4    0    2    5    6    7    8   13   18   17   13   14   16   17   21   20   35   27   31   41         8      -110         7      -101
                                                                                                                                                                     
       185  199  216  233  237  231  210  207  204  204  197  183  197  215  208  196  183  181  175  155  153  149  152  152  402  240           1050  181          
  916  137  150  160  164  161  152  137  119  102   87   76   72   72   77   84   91   97  100  102  103  104  106  111  119  305  164           1123   71          
        48   49   56   69   76   79   73   88  102  117  121  111  125  138  124  105   86   81   73   52   49   43   41   33        76                 110          
                                                                        max                                                                                          
       157  165  172  172  165  158  150  136  121  107   97   93   89   83   86   90   97  103  109  115  123  131  137  141  231  174           1301   83          
  917  129  140  149  156  159  156  147  134  119  103   89   78   71   70   72   77   84   91   97  102  105  109  112  117  356  159           1256   70          
        28   25   23   16    6    2    3    2    2    4    8   15   18   13   14   13   13   12   12   13   18   22   25   24        15                  13          
                                                                                                                                                                     
       144  151  157  162  166  170  168  161  151  136  121  104   89   76   70   69   73   82   91  100  106  112  115  117  500  170           1443   68          
  918  123  130  139  146  152  154  152  146  135  121  105   91   78   70   67   69   74   82   91  100  107  112  116  118  503  154           1410   67          
        21   21   18   16   14   16   16   15   16   15   16   13   11    6    3    0   -1    0    0    0   -1    0   -1   -1        16                   1          
                                                                                                                                                                     
1
   TP: 1415      S.N.   4607   BOAO                  LAT.  19.12'   LON. 110.36'         2014.  LEV.  124  W.L.    0    H.G.Y.2008

         0    1    2    3    4    5    6    7    8    9   10   11   12   13   14   15   16   17   18   19   20   21   22   23 TIME   HT TIME   HT TIME   LT TIME   LT
+
       164  174  181  175  167  148  130  115  102   95   90   98  111  117  133  136  146  131  134  146  150  145  163  177  220  184 1559  147  957   88 1921  119
  915  169  177  179  173  161  145  126  109   97   90   89   94  102  111  119  123  125  124  123  122  124  130  139  151  145  179 1612  125  935   89 1841  122
        -5   -3    2    2    6    3    4    6    5    5    1    4    9    6   14   13   21    7   11   24   26   15   24   26         5        22        -1        -3
                                                                                                                                                                     
       185  214  210  210  224  226  196  209  201  194  190  174  173  179  181  181  197  181  181  174  163  161  159  177  345  253           1036  168          
  916  162  172  177  177  170  159  143  127  112  100   93   91   93   98  105  111  116  119  121  123  126  130  137  145  225  178           1058   91          
        23   42   33   33   54   67   53   82   89   94   97   83   80   81   76   70   81   62   60   51   37   31   22   32        75                  77          
                                                         max                                                                                                         
       178  182  189  181  179  166  162  143  131  116  109  106   91   93   95  104  109  112  116  126  132  138  144  151  135  195           1312   89          
  917  155  164  171  174  173  166  156  142  128  114  102   94   90   90   94   99  106  112  117  122  126  130  135  140  312  174           1227   90          
        23   18   18    7    6    0    6    1    3    2    7   12    1    3    1    5    3    0   -1    4    6    8    9   11        21                  -1          
                                                                                                                                                                     
       155  162  165  172  177  175  174  166  153  140  123  110   96   89   88   85   90   98  108  113  119  123  127  129  440  181           1424   82          
  918  147  154  161  166  169  168  163  154  142  128  114  102   93   88   87   90   96  104  112  119  125  129  133  136  413  169           1341   87          
         8    8    4    6    8    7   11   12   11   12    9    8    3    1    1   -5   -6   -6   -4   -6   -6   -6   -6   -7        12                  -5          
                                                                                                                                                                     
1
   TP: 1415      S.N.    741   XIUYING               LAT.  20.01'   LON. 110.17'         2014.  LEV.  151  W.L.  290    H.G.Y.2009

         0    1    2    3    4    5    6    7    8    9   10   11   12   13   14   15   16   17   18   19   20   21   22   23 TIME   HT TIME   HT TIME   LT TIME   LT
+
       176  185  185  181  172  166  166  186  212  236  249  254  255  243  222  198  169  142  123  109  113  138  156  171  126  187 1107  256  548  164 1904  106
  915  159  170  176  176  171  168  169  179  195  214  230  238  235  222  199  170  139  112   94   87   88   96  107  118  227  176 1115  238  511  168 1919   86
        17   15    9    5    1   -2   -3    7   17   22   19   16   20   21   23   28   30   30   29   22   25   42   49   53        11        18        -4        20
                                                                                                                                                                     
       175  194  199  212  232  248  261  299  337  364  423  437  401  408  328  252  220  175  123   94   95  109  131  147 1050  452           1936   77          
  916  129  141  150  157  161  165  170  180  194  211  227  238  242  238  223  200  171  140  115   99   93   94   98  103 1158  242           2022   92          
        46   53   49   55   71   83   91  119  143  153  196  199  159  170  105   52   49   35    8   -5    2   15   33   44       210                 -15          
                                                              max                                                                                                    
       157  173  175  162  164  166  174  196  225  248  279  304  309  296  271  254  222  187  154  127  113  117  124  128 1136  311            358  163          
  917  108  115  124  134  144  154  164  175  189  203  217  228  235  238  234  222  200  172  144  121  106  100   99   98 1256  238           2340   98          
        49   58   51   28   20   12   10   21   36   45   62   76   74   58   37   32   22   15   10    6    7   17   25   30        73                  65          
                                                                                                                                                                     
       123  111  100   97   98  111  129  151  170  188  206  218  225  225  220  212  202  189  173  154  135  118  112  109 1212  227                              
  918   98   99  104  113  126  140  155  169  183  195  205  213  220  226  230  228  219  200  175  150  129  116  108  103 1413  230                              
        25   12   -4  -16  -28  -29  -26  -18  -13   -7    1    5    5   -1  -10  -16  -17  -11   -2    4    6    2    4    6        -3                              
                                                                                                                                                                     
1
   TP: 1415      S.N.      0   HAIAN                 LAT.  20.14'   LON. 110.08'         2014.  LEV.  212  W.L.    0    H.G.Y.2009

         0    1    2    3    4    5    6    7    8    9   10   11   12   13   14   15   16   17   18   19   20   21   22   23 TIME   HT TIME   HT TIME   LT TIME   LT
+
       226  237  235  230  226  224  230  250  273  292  300  300  296  281  266  240  210  182  168  153  162  184  193  204 1008  304           1856  152          
  915  220  229  234  236  237  238  244  254  268  282  293  297  291  275  251  221  191  166  151  146  150  159  170  182 1054  297           1904  146          
         6    8    1   -6  -11  -14  -14   -4    5   10    7    3    5    6   15   19   19   16   17    7   12   25   23   22         7                   6          
                                                                                                                                                                     
       218  232  241  251  265  285  301  329  370  407  452  474  459  449  413  351  292  234  181  155  151  170  193  205 1110  483           1934  146          
  916  193  202  210  218  224  232  243  255  269  283  294  301  302  294  277  252  221  191  168  154  150  152  159  165 1133  302           2005  150          
        25   30   31   33   41   53   58   74  101  124  158  173  157  155  136   99   71   43   13    1    1   18   34   40       181                  -4          
                                                              max                                                                                                    
       213  228  229  225  229  229  239  259  286  313  341  359  356  339  321  297  265  231  199  169  155  156  167  173 1127  363           2004  151          
  917  172  179  187  196  206  219  233  248  264  277  288  295  299  298  291  276  252  223  195  173  160  156  156  158 1221  299           2122  155          
        41   49   42   29   23   10    6   11   22   36   53   64   57   41   30   21   13    8    4   -4   -5    0   11   15        64                  -4          
                                                                                                                                                                     
       171  163  154  150  152  165  185  207  231  251  272  281  287  280  270  258  247  230  214  196  178  162  155  154 1143  288                              
  918  160  163  167  176  188  203  220  238  255  268  278  284  287  290  290  285  273  252  227  201  181  169  164  161 1332  290                              
        11    0  -13  -26  -36  -38  -35  -31  -24  -17   -6   -3    0  -10  -20  -27  -26  -22  -13   -5   -3   -7   -9   -7        -2                              
                                                                                                                                                                     
1
   TP: 1415      S.N.      0   NAOZHOU               LAT.  20.54'   LON. 110.37'         2014.  LEV.  207  W.L.    0    H.G.Y.2009

         0    1    2    3    4    5    6    7    8    9   10   11   12   13   14   15   16   17   18   19   20   21   22   23 TIME   HT TIME   HT TIME   LT TIME   LT
+
       290  330  352  356  332  287  232  187  161  156  165  180  198  221  246  263  262  253  235  219  223  232  249  280  241  358 1545  266  848  156 2008  217
  915  288  322  343  343  317  271  216  170  143  136  144  161  180  201  221  235  238  225  202  177  165  170  193  227  229  346 1539  239  856  136 2011  164
         2    8    9   13   15   16   16   17   18   20   21   19   18   20   25   28   24   28   33   42   58   62   56   53        12        27        20        53
                                                                                                                                                                     
       323  372  415  435  445  440  433  441  442  433  482  520  544  561  536  485  403  319  265  244  230  250  267  289  324  476            738  418 2004  229
  916  262  292  316  327  322  298  258  215  181  161  155  158  164  173  184  197  208  213  209  198  187  183  192  211  311  328 1703  213 1010  155 2047  183
        61   80   99  108  123  142  175  226  261  272  327  362  380  388  352  288  195  106   56   46   43   67   75   78       148      -213       263        46
                                                                        max                                                                                          
       315  326  332  314  308  288  265  253  243  246  247  245  240  223  207  189  186  193  212  238  258  273  281  281  151  336 2251  282 1532  182          
  917  236  261  282  298  307  304  287  258  224  195  176  165  160  157  159  165  178  192  205  211  210  205  202  206  415  307 1920  212 1306  157 2157  202
        79   65   50   16    1  -16  -22   -5   19   51   71   80   80   66   48   24    8    1    7   27   48   68   79   75        29        70        25      -202
                                                                                                                                                                     
       273  263  258  262  274  295  311  315  304  278  242  204  171  146  134  131  143  165  193  220  236  239  231  218  651  315 2033  241 1446  131          
  918  217  232  249  265  281  293  298  290  268  239  209  183  165  153  146  146  154  172  195  216  229  231  223  213  551  298 2039  231 1430  145          
        56   31    9   -3   -7    2   13   25   36   39   33   21    6   -7  -12  -15  -11   -7   -2    4    7    8    8    5        17        10       -14          
                                                                                                                                                                     
1
   TP: 1415      S.N.      0   ZHANJ                 LAT.  21.10'   LON. 110.25'         2014.  LEV.  319  W.L.  584    H.G.Y.2009

         0    1    2    3    4    5    6    7    8    9   10   11   12   13   14   15   16   17   18   19   20   21   22   23 TIME   HT TIME   HT TIME   LT TIME   LT
+
                                                                                            355  326  301  302  334  368  374           1652  362           1943  292
  915  407  442  467  471  444  391  328  271  234  227  247  276  297  311  330  353  365  352  318  282  262  268  299  342  237  473 1558  365  845  226 2015  261
      -407 -442 -467 -471 -444 -391 -328 -271 -234 -227 -247 -276 -297 -311 -330 -353 -365    3    8   19   40   66   69   32      -473        -3      -226        31
                                                                                                                                                                     
       402  450  504  549  556  527  516  515  512  528  553  628  712  719  704  639  537  428  369  354  360  366  372  392  331  561 1230  730  633  511 1855  352
  916  381  411  433  447  445  421  376  325  280  255  254  268  281  286  289  302  323  338  334  314  293  285  296  322  322  449 1717  338  935  253 2055  285
        21   39   71  102  111  106  140  190  232  273  299  360  431  433  415  337  214   90   35   40   67   81   76   70       112       392       258        67
                                                                                                                                                                     
       417  435  431  422  405  386  367  344  334  339  349  348  337  320  298  281  277  288  311  343  370  381  381  378  117  438 1026  351  818  332 2129  383
  917  353  379  398  412  423  424  408  375  333  297  276  270  272  271  266  267  281  306  328  335  327  315  308  313  433  426 1858  335 1422  266 2205  308
        64   56   33   10  -18  -38  -41  -31    1   42   73   78   65   49   32   14   -4  -18  -17    8   43   66   73   65        12        16        66        75
                                                                                                                                                                     
       370  359  351  353  367  391  415  421  404  373  333  296  261  245  229                                               645  422                              
  918  328  347  364  378  392  407  416  410  385  349  314  288  272  262  253  248  254  276  308  338  353  351  337  322  606  416 2021  354 1455  248          
        42   12  -13  -25  -25  -16   -1   11   19   24   19    8  -11  -17  -24 -248 -254 -276 -308 -338 -353 -351 -337 -322         6      -354      -248          
                                                                                                                                                                     
1
   TP: 1415      S.N.  43041   SHUIDONG              LAT.  21.29'   LON. 111.04'         2014.  LEV.  224  W.L.    0    H.G.Y.2009

         0    1    2    3    4    5    6    7    8    9   10   11   12   13   14   15   16   17   18   19   20   21   22   23 TIME   HT TIME   HT TIME   LT TIME   LT
+
       302  339  355  336  301  262  224  183  164  164  169  190  214  249  259  253  256  261  256  252  260  276  318  347  203  356 1535  266  837  160 1835  225
  915  310  343  357  342  307  264  219  180  156  156  170  184  200  224  248  257  247  228  210  195  191  202  226  255  159  357 1459  257  829  153 1948  190
        -8   -4   -2   -6   -6   -2    5    3    8    8   -1    6   14   25   11   -4    9   33   46   57   69   74   92   92        -1         9         7        35
                                                                                                                                                                     
       331  380  418  429  429  415  406  392  375  380  412  433  465  489  479  423  354  317  299  277  260  265  285  314  238  435 1250  496  802  371 2019  253
  916  285  312  334  338  323  294  259  222  191  174  172  177  182  191  206  223  231  229  222  213  208  209  220  238  243  339 1617  232  949  172 2017  208
        46   68   84   91  106  121  147  170  184  206  240  256  283  298  273  200  123   88   77   64   52   56   65   76        96       264       199        45
                                                                        max                                                                                          
       327  319  320  320  301  278  264  253  253  253  239  230  227  214  200  195  198  213  235  255  266  277  282  276  231  338 2217  283 1509  194          
  917  260  282  302  316  319  310  289  261  231  205  188  179  174  173  178  190  206  219  227  229  227  224  224  229  344  320 1856  229 1241  172 2129  224
        67   37   18    4  -18  -32  -25   -8   22   48   51   51   53   41   22    5   -8   -6    8   26   39   53   58   47        18        54        22      -224
                                                                                                                                                                     
       264  261  263  273  290  304  306  302  285  257  227  192  157  136  133  143  161  180  206  229  238  232  224  220  537  308 2017  239 1330  131  114  259
  918  239  254  270  287  301  309  307  294  271  243  216  193  176  165  162  168  182  203  224  240  246  243  237  230  519  309 2010  246 1349  162 2357  227
        25    7   -7  -14  -11   -5   -1    8   14   14   11   -1  -19  -29  -29  -25  -21  -23  -18  -11   -8  -11  -13  -10        -1        -7       -31        32
                                                                                                                                                                     
1
   TP: 1415      S.N.    731   ZHAPO                 LAT.  21.35'   LON. 111.50'         2014.  LEV.  214  W.L.  421    H.G.Y.2009

         0    1    2    3    4    5    6    7    8    9   10   11   12   13   14   15   16   17   18   19   20   21   22   23 TIME   HT TIME   HT TIME   LT TIME   LT
+
       306  331  330  308  275  246  213  185  163  159  169  192  217  242  252  253  252  243  247  232  234  248  273  306  123  335 1416  258  939  151 1913  226
  915  308  330  329  307  273  238  205  175  154  148  157  177  202  225  238  237  226  213  203  197  196  203  222  249  127  333 1427  239  855  148 1936  195
        -2    1    1    1    2    8    8   10    9   11   12   15   15   17   14   16   26   30   44   35   38   45   51   57         2        19         3        31
                                                                                                                                                                     
       350  389  411  402  409  407  380  371  351  361  381  379  386  387  383  337  304  273  259  229  214  214  262  282  339  431 1316  406  838  339 2012  203
  916  280  306  319  314  293  265  238  211  186  167  159  162  174  190  205  215  217  215  211  209  208  210  217  232  212  319 1557  217 1013  158 1948  208
        70   83   92   88  116  142  142  160  165  194  222  217  212  197  178  122   87   58   48   20    6    4   45   50       112       189       181        -5
                                                         max                                                                                                         
       297  316  309  286  270  256  243  242  239  230  215  206  196  198  197  196  200  210  230  248  260  265  263  257   55  319           1227  190          
  917  252  275  295  304  300  285  264  242  219  196  175  163  159  165  176  190  202  211  216  219  220  220  220  223  310  305           1153  159          
        45   41   14  -18  -30  -29  -21    0   20   34   40   43   37   33   21    6   -2   -1   14   29   40   45   43   34        14                  31          
                                                                                                                                                                     
       250  249  260  270  283  288  288  279  258  233  205  170  142  126  128  145  166  188  207  220  224  226  224  220  458  291 2047  229 1320  124   17  247
  918  232  246  265  283  294  294  285  270  250  227  202  178  160  152  155  167  184  203  218  229  233  233  229  224  433  295 2023  233 1314  152 2357  222
        18    3   -5  -13  -11   -6    3    9    8    6    3   -8  -18  -26  -27  -22  -18  -15  -11   -9   -9   -7   -5   -4        -4        -4       -28        25
                                                                                                                                                                     
1
   TP: 1415      S.N.   4476   TAISHAN               LAT.  21.51'   LON. 112.55'         2014.  LEV.  217  W.L.    0    H.G.Y.2008

         0    1    2    3    4    5    6    7    8    9   10   11   12   13   14   15   16   17   18   19   20   21   22   23 TIME   HT TIME   HT TIME   LT TIME   LT
+
       307  308  295  276  266  245  217  187  167  168  185  209  232  249  259  253  256  261  256  252  260  276  318  347   31  313 1357  264  858  165 1513  247
  915  307  311  296  274  255  235  209  179  157  153  166  193  221  235  232  222  217  218  217  212  209  217  236  261   42  312 1319  236  845  152 1945  209
         0   -3   -1    2   11   10    8    8   10   15   19   16   11   14   27   31   39   43   39   40   51   59   82   86         1        28        13        38
                                                                                                                                                                     
       381  395  396  405  392  402  373  359  340  328  311  296  288  290  285  266  255  219  212  199  203  203  233  273  211  421                     1902  190
  916  286  301  301  287  270  254  237  214  187  166  160  170  189  208  216  214  210  212  218  222  222  222  228  242  126  303 1416  216  953  160 1610  210
        95   94   95  118  122  148  136  145  153  162  151  126   99   82   69   52   45    7   -6  -23  -19  -19    5   31       118      -216      -160       -20
                                                    max                                                                                                              
       285  288  290  274  254  250  246  252  238  228  211  197  196  205  209  212  218  227  236  245  253  250  240  242   38  293           1220  191          
  917  262  280  291  290  280  267  254  239  218  192  170  161  166  181  194  201  204  206  213  222  229  229  227  229  225  292           1107  161          
        23    8   -1  -16  -26  -17   -8   13   20   36   41   36   30   24   15   11   14   21   23   23   24   21   13   13         1                  30          
                                                                                                                                                                     
       240  243  256  264  267  263  259  251  233  207  180  150  135  131  142  164  186  204  213  225  225  230  228  225  342  269           1225  129          
  918  239  254  270  281  283  277  266  254  240  219  193  169  156  159  171  185  196  204  212  221  229  234  232  226  346  283 2110  234 1219  156 2346  223
         1  -11  -14  -17  -16  -14   -7   -3   -7  -12  -13  -19  -21  -28  -29  -21  -10    0    1    4   -4   -4   -4   -1       -14      -234       -27      -223
                                                                                                                                                                     
1
   TP: 1415      S.N.   9734   ZHUHAI                LAT.  22.17'   LON. 113.35'         2014.  LEV.  241  W.L.    0    H.G.Y.2007

         0    1    2    3    4    5    6    7    8    9   10   11   12   13   14   15   16   17   18   19   20   21   22   23 TIME   HT TIME   HT TIME   LT TIME   LT
+
       318  315  325  318  302  280  254  224  208  205  210  227  252  267  292  296  324  298  298  283  284  315  336  381  155  327 1602  325  811  199 1906  281
  915  313  317  317  311  298  275  245  215  189  183  193  214  233  244  252  255  255  251  243  237  234  241  259  281  130  318 1533  255  852  183 1948  234
         5   -2    8    7    4    5    9    9   19   22   17   13   19   23   40   41   69   47   55   46   50   74   77  100         9        70        16        47
                                                                                                                                                                     
       387  422  421  424  419  408  382  362  335  315  291  287  285  277  276  279  282  260  243  249  235  239  268  289   47  438 1559  284 1342  258 2011  232
  916  300  307  309  308  302  292  271  246  218  195  188  192  207  220  229  237  242  246  246  246  245  245  253  265  206  309 1743  246 1007  187 2023  245
        87  115  112  116  117  116  111  116  117  120  103   95   78   57   47   42   40   14   -3    3  -10   -6   15   24       129        38        71       -13
                                                    max                                                                                                              
       315  319  330  323  316  297  292  283  278  263  253  238  226  231  228  233  243  254  263  268  269  264  258  254  148  332           1215  223          
  917  280  293  298  302  300  297  288  270  248  221  199  188  188  198  210  222  231  238  246  250  252  252  253  256  312  302           1130  187          
        35   26   32   21   16    0    4   13   30   42   54   50   38   33   18   11   12   16   17   18   17   12    5   -2        30                  36          
                                                                                                                                                                     
       259  266  270  279  281  282  282  280  263  240  216  187  165  167  173  189  209  226  247  259  267  267  260  254  524  285 2020  269 1210  163          
  918  262  274  284  292  297  297  297  288  272  250  222  200  184  182  192  206  222  233  244  253  258  260  257  254  441  297 2055  260 1239  182 2356  252
        -3   -8  -14  -13  -16  -15  -15   -8   -9  -10   -6  -13  -19  -15  -19  -17  -13   -7    3    6    9    7    3    0       -12         9       -19      -252
                                                                                                                                                                     
1
   TP: 1415      S.N.      0   GUANGZHOU             LAT.  22.39'   LON. 113.40'         2014.  LEV.  187  W.L.  180    H.G.Y.2009

         0    1    2    3    4    5    6    7    8    9   10   11   12   13   14   15   16   17   18   19   20   21   22   23 TIME   HT TIME   HT TIME   LT TIME   LT
+
       251  283  289  282  269  251  223  190  156  127  114  127  153  186  214  240  257  267  254  238  220  215  227  263  148  290 1701  267 1005  114 2052  215
  915  253  286  294  285  267  243  215  185  151  116   96  105  138  176  205  220  223  217  207  193  178  170  173  193  158  294 1551  223 1011   95 2112  169
        -2   -3   -5   -3    2    8    8    5    5   11   18   22   15   10    9   20   34   50   47   45   42   45   54   70        -4        44        19        46
                                                                                                                                                                     
       306  341  361  373  370  355  341  320  288  252  228  218  212  226  223  219  214  220  216  198  184  186  178  198  238  374 1328  230 1217  211 2157  178
  916  226  260  280  282  272  256  237  215  188  154  120  103  109  133  162  186  201  207  209  207  202  194  189  194  237  283 1805  209 1114  102 2159  189
        80   81   81   91   98   99  104  105  100   98  108  115  103   93   61   33   13   13    7   -9  -18   -8  -11    4        91        21       109       -11
                                                                                                                                                                     
       237  270  291  297  283  261  243  227  219  213  207  193  184  171  164  171  178  192  209  223  227  224  217  205  252  297 1957  227 1354  164          
  917  208  231  254  267  267  260  249  236  218  191  157  124  106  106  122  146  171  189  199  209  215  215  208  204  333  268 2023  216 1228  104 2319  204
        29   39   37   30   16    1   -6   -9    1   22   50   69   78   65   42   25    7    3   10   14   12    9    9    1        29        11        60      -204
                                                                                                                                                                     
       197  196  209  219  227  232  234  233  233  228  187  156  122   94   82   95  122  151  178  204  224  232  229  217  600  234 2102  232 1402   82          
  918  205  211  224  241  254  257  255  249  240  222  194  159  127  106  100  111  137  165  187  203  218  227  226  218  505  257 2122  228 1349  100          
        -8  -15  -15  -22  -27  -25  -21  -16   -7    6   -7   -3   -5  -12  -18  -16  -15  -14   -9    1    6    5    3   -1       -23         4       -18          
                                                                                                                                                                     
1
   TP: 1415      S.N.    732   DAWANSAN              LAT.  21.56'   LON. 113.43'         2014.  LEV.  209  W.L.    0    H.G.Y.2009

         0    1    2    3    4    5    6    7    8    9   10   11   12   13   14   15   16   17   18   19   20   21   22   23 TIME   HT TIME   HT TIME   LT TIME   LT
+
       287  286  286  276  261  237  212  192  181  184  192  211  227  243  254  260  256  256  247  258  257  282  317  330  131  289 1511  273  840  179 1841  243
  915  286  287  280  267  248  223  195  170  156  158  173  192  207  214  215  213  211  208  205  203  206  218  237  257   35  287 1348  215  821  155 1853  203
         1   -1    6    9   13   14   17   22   25   26   19   19   20   29   39   47   45   48   42   55   51   64   80   73         2        58        24        40
                                                                                                                                                                     
       356  361  355  365  345  358  314  299  287  253  242  242  238  231  232  230  219  213  203  202  202  216  232  263  158  393           1915  188          
  916  273  280  280  273  262  246  224  199  176  162  161  170  183  194  199  202  204  207  209  211  212  217  226  240  124  281            936  160          
        83   81   75   92   83  112   90  100  111   91   81   72   55   37   33   28   15    6   -6   -9  -10   -1    6   23       112                  28          
                                max                                                                                                                                  
       275  279  276  275  262  254  248  242  230  220  204  191  195  193  194  204  214  225  231  232  231  231  227  230   28  284           1149  188          
  917  256  267  273  273  269  260  247  227  203  181  165  161  165  175  184  191  197  203  209  215  219  221  223  229  229  274           1059  161          
        19   12    3    2   -7   -6    1   15   27   39   39   30   30   18   10   13   17   22   22   17   12   10    4    1        10                  27          
                                                                                                                                                                     
       237  240  246  250  254  253  251  241  222  199  174  151  144  145  154  169  185  203  218  225  229  226  224  228  429  258           1211  142          
  918  239  251  262  269  271  268  262  249  231  207  183  166  159  161  171  182  192  201  210  218  224  226  225  225  358  271 2114  226 1212  158 2240  224
        -2  -11  -16  -19  -17  -15  -11   -8   -9   -8   -9  -15  -15  -16  -17  -13   -7    2    8    7    5    0   -1    3       -13      -226       -16      -224
                                                                                                                                                                     
1
   TP: 1415      S.N.  81410   YANTIAN               LAT.  22.35'   LON. 114.16'         2014.  LEV.  196  W.L.  353    H.G.Y.2009

         0    1    2    3    4    5    6    7    8    9   10   11   12   13   14   15   16   17   18   19   20   21   22   23 TIME   HT TIME   HT TIME   LT TIME   LT
+
       240  268  268  253  229  216  184  170  180  189  186  192  204  231  252  252  243  222  238  260  249  287  316  329  206  270 1507  258  737  166 1711  222
  915  249  261  267  255  232  204  173  149  149  168  183  184  184  195  207  209  204  198  190  186  199  227  251  255  150  267 1450  210  730  147 1843  186
        -9    7    1   -2   -3   12   11   21   31   21    3    8   20   36   45   43   39   24   48   74   50   60   65   74         3        48        19        36
                                                                                                                                                                     
       306  340  355  333  320  292  275  244  231  228  205  196  208  207  193  209  193  195  194  195  209  216  230  263  155  361 1533  228 1232  183 1821  181
  916  247  247  257  262  253  233  205  175  156  156  167  173  173  176  185  196  203  204  201  196  197  211  233  247  251  262 1651  204  831  155 1923  196
        59   93   98   71   67   59   70   69   75   72   38   23   35   31    8   13  -10   -9   -7   -1   12    5   -3   16        99        24        28       -15
                 max                                                                                                                                                 
       255  252  267  261  249  250  244  226  212  210  198  173  173  172  167  175  205  215  197  199  200  193  193  213           1643  217 2330  278          
  917  247  242  244  254  259  252  233  206  178  161  158  162  165  166  171  181  193  203  209  208  204  205  216  232  356  259 1823  210  110  242  955  158
         8   10   23    7  -10   -2   11   20   34   49   40   11    8    6   -4   -6   12   12  -12   -9   -4  -12  -23  -19      -259         7        36      -158
                                                                                                                                                                     
       222  218  216  221  229  231  234  220  189  170  152  131  137  143  146  155  172  190  205  210  205  202  194  198            529  235           1119  128
  918  241  241  239  244  253  259  253  235  208  181  163  157  159  162  166  172  183  196  210  218  216  210  208  215   26  242  500  259  146  239 1118  157
       -19  -23  -23  -23  -24  -28  -19  -15  -19  -11  -11  -26  -22  -19  -20  -17  -11   -6   -5   -8  -11   -8  -14  -17      -242       -24      -239       -29
                                                                                                                                                                     
1
   TP: 1415      S.N.    733   CHIWANH               LAT.  22.28'   LON. 113.53'         2014.  LEV.  240  W.L.  415    H.G.Y.2006

         0    1    2    3    4    5    6    7    8    9   10   11   12   13   14   15   16   17   18   19   20   21   22   23 TIME   HT TIME   HT TIME   LT TIME   LT
+
       359  369  367  359  343  319  289  256  231  218  225  246  270  297  319  336  346  337  324  306  304  315  344  375  134  370 1609  347  906  217 1957  303
  915  306  319  318  310  297  279  251  214  179  158  159  180  209  232  245  250  249  245  237  226  216  216  231  257  125  321 1522  250  925  156 2028  215
        53   50   49   49   46   40   38   42   52   60   66   66   61   65   74   86   97   92   87   80   88   99  113  118        49        97        61        88
                                                                                                                                                                     
       412  429  441  445  435  422  402  372  341  311  301  289  298  298  294  283  292  291  283  268  270  264  278  311  234  448 1343  297 1129  285 2107  262
  916  284  303  310  308  301  291  275  249  216  185  166  165  179  199  216  228  234  239  241  239  235  232  235  247  215  310 1805  241 1034  163 2100  232
       128  126  131  137  134  131  127  123  125  126  135  124  119   99   78   55   58   52   42   29   35   32   43   64       138        56       122        30
                                                                                                                                                                     
       338  365  372  365  348  331  316  309  302  295  281  270  258  251  253  263  272  287  300  306  306  302  292  286  203  372 1933  308 1248  250 2336  284
  917  265  284  297  303  303  299  291  277  253  223  194  174  169  177  191  207  220  231  240  246  249  248  247  248  329  304 2019  249 1154  169 2207  247
        73   81   75   62   45   32   25   32   49   72   87   96   89   74   62   56   52   56   60   60   57   54   45   38        68        59        81        37
                                                                                                                                                                     
       285  294  305  312  318  318  319  317  305  282  252  221  196  185  193  213  236  262  285  303  313  311  303  291  537  321 2032  313 1324  184          
  918  254  265  279  291  299  303  302  295  280  257  229  200  179  169  173  186  204  222  237  248  256  259  258  253  518  303 2111  259 1312  169          
        31   29   26   21   19   15   17   22   25   25   23   21   17   16   20   27   32   40   48   55   57   52   45   38        18        54        15          
                                                                                                                                                                     
1
   TP: 1415      S.N.   9712   ZHELANG               LAT.  22.39'   LON. 115.34'         2014.  LEV.  171  W.L.    0    H.G.Y.2009

         0    1    2    3    4    5    6    7    8    9   10   11   12   13   14   15   16   17   18   19   20   21   22   23 TIME   HT TIME   HT TIME   LT TIME   LT
+
       227  230  234  231  214  191  182  181  180  165  169  186  198  209  211  222  227  203  222  223  241  250  256  259  213  235            901  162          
  915  222  221  222  217  195  166  149  149  151  148  148  154  160  164  170  178  177  169  169  182  199  207  209  212  754  151 1526  179  629  147  935  147
         5    9   12   14   19   25   33   32   29   17   21   32   38   45   41   44   50   34   53   41   42   43   47   47        84      -179        15      -147
                                                                                                                                                                     
       273  275  267  277  259  241  224  214  199  187  187  171  172  161  176  175  193  183  179  187  201  220  218  223  304  289           1112  155          
  916  216  218  221  223  216  194  169  155  151  148  144  143  146  150  156  166  175  176  173  177  189  201  207  209  245  224           1038  143          
        57   57   46   54   43   47   55   59   48   39   43   28   26   11   20    9   18    7    6   10   12   19   11   14        65                  12          
       max                                                                                                                                                           
       226  236  233  229  223  220  209  195  183  181  171  150  133  139  142  155  167  176  175  171  172  180  187  196  255  239           1232  129          
  917  211  213  216  221  224  215  195  173  159  150  145  142  141  142  146  155  168  177  179  179  184  192  201  206  344  224           1149  141          
        15   23   17    8   -1    5   14   22   24   31   26    8   -8   -3   -4    0   -1   -1   -4   -8  -12  -12  -14  -10        15                 -12          
                                                                                                                                                                     
       196  192  198  204  205  207  203  190  167  152  140  132  128  127  130  143  157  167  175  183  184  179  179  188  447  209           1249  124          
  918  209  210  211  216  223  225  216  198  177  160  149  144  142  142  143  149  160  174  183  186  186  187  192  199  443  226           1244  142          
       -13  -18  -13  -12  -18  -18  -13   -8  -10   -8   -9  -12  -14  -15  -13   -6   -3   -7   -8   -3   -2   -8  -13  -11       -17                 -18          
                                                                                                                                                                     
1
   TP: 1415      S.N.      0   HUIZHOU               LAT.  22.42'   LON. 114.34'         2014.  LEV.  222  W.L.    0    H.G.Y.2009

         0    1    2    3    4    5    6    7    8    9   10   11   12   13   14   15   16   17   18   19   20   21   22   23 TIME   HT TIME   HT TIME   LT TIME   LT
+
       258  299  308  279  253  242  222  196  197  227  224  214  221  269  289  278  261  256  265  278  277  331  347  343  144  312  936  228  732  190 1143  211
  915  265  291  300  280  255  233  200  167  171  203  219  206  200  220  240  238  228  225  217  208  221  261  288  279  149  301 1003  219  724  164 1143  199
        -7    8    8   -1   -2    9   22   29   26   24    5    8   21   49   49   40   33   31   48   70   56   70   59   64        11         9        26        12
                                                                                                                                                                     
       336  344  368  373  356  310  302  280  250  244  246  235  229  228  228  241  233  229  227  227  234  257  272  287  245  382 1453  241   32  215 1227  220
  916  262  269  289  292  277  259  234  199  175  182  202  204  193  195  214  228  230  230  229  222  219  237  267  280  239  293 1629  230   12  261  816  174
        74   75   79   81   79   51   68   81   75   62   44   31   36   33   14   13    3   -1   -2    5   15   20    5    7        89        11       -46        46
                      max                                                                                                                                            
       299  295  277  290  291  277  255  264  243  229  216  213  203  186  191  210  232  234  232  222  219  222  234  237   41  300                              
  917  269  260  270  285  287  277  261  234  201  182  186  196  194  188  193  209  222  230  236  236  228  227  243  264  340  287 1120  197   58  260  918  181
        30   35    7    5    4    0   -6   30   42   47   30   17    9   -2   -2    1   10    4   -4  -14   -9   -5   -9  -27        13      -197      -260      -181
                                                                                                                                                                     
       249  253  244  239  260  269  259  244  221  199  173  162  170  176  176  184  200  225  237  237  232  232  223  223  458  269            250  238 1105  161
  918  271  263  260  269  282  286  280  263  234  203  185  186  191  191  189  196  210  225  238  245  243  234  231  242  455  286 1225  192  145  260 1027  183
       -22  -10  -16  -30  -22  -17  -21  -19  -13   -4  -12  -24  -21  -15  -13  -12  -10    0   -1   -8  -11   -2   -8  -19       -17      -192       -22       -22
                                                                                                                                                                     
1
   TP: 1415      S.N.    711   SHANWEI               LAT.  22.45'   LON. 115.21'         2014.  LEV.  132  W.L.  311    H.G.Y.2009

         0    1    2    3    4    5    6    7    8    9   10   11   12   13   14   15   16   17   18   19   20   21   22   23 TIME   HT TIME   HT TIME   LT TIME   LT
+
       196  195  200  201  183  153  134  129  140  137  126  130  154  175  180  187  187  168  162  190  204  234  239  227  245  207            624  127 1046  127
  915  186  189  184  185  173  138  105   97  104  111  112  112  121  129  133  141  147  136  120  126  149  170  177  175 1550  147            701   97 1814  120
        10    6   16   16   10   15   29   32   36   26   14   18   33   46   47   46   40   32   42   64   55   64   62   52        60                  30         7
                                                                                                                                                                     
       233  248  254  255  246  218  196  175  164  149  147  139  134  144  146  146  154  154  144  146  156  172  191  190  252  260 1648  162 1223  126 1924  136
  916  177  182  185  186  186  169  136  111  104  106  107  105  106  112  119  128  140  145  135  128  137  157  171  175  315  186 1650  145  815  104 1857  127
        56   66   69   69   60   49   60   64   60   43   40   34   28   32   27   18   14    9    9   18   19   15   20   15        74        17        22         9
                      max                                                                                                                                            
       207  199  197  206  199  183  182  160  150  144  136  121  103   95  108  120  130  138  143  133  129  135  147  155    5  211 1724  149 1313   92 1946  126
  917  173  175  178  183  187  185  166  138  116  107  105  102  101  103  107  115  128  142  146  141  136  143  159  169  406  187 1756  146 1154  101 1953  136
        34   24   19   23   12   -2   16   22   34   37   31   19    2   -8    1    5    2   -4   -3   -8   -7   -8  -12  -14        24         3        -9       -10
                                                                                                                                                                     
       160  158  153  163  173  171  168  162  134  110   96   89   88   91   94  102  120  134  144  148  148  140  137  141  444  164 1948  151 1203   87          
  918  172  173  174  177  184  189  184  167  141  119  108  103  100  101  104  108  118  134  147  153  148  141  145  157  501  189 1902  153 1211  100 2108  141
       -12  -15  -21  -14  -11  -18  -16   -5   -7   -9  -12  -14  -12  -10  -10   -6    2    0   -3   -5    0   -1   -8  -16       -25        -2       -13      -141
                                                                                                                                                                     

