1
   TP: 1416      S.N.    443   DONGSHAN              LAT.  23.44'   LON. 117.32'         2014.  LEV.  538  W.L.  750    H.G.Y.2009

         0    1    2    3    4    5    6    7    8    9   10   11   12   13   14   15   16   17   18   19   20   21   22   23 TIME   HT TIME   HT TIME   LT TIME   LT
+
       627  584  545  520  512  530  561  597  631  659  667  654  617  572  519  484  464  484  522  562  607  657  692  711  936  669 2301  712  345  511 1600  464
  920  609  568  528  503  501  521  549  577  604  629  640  626  588  539  490  453  439  453  483  519  561  611  654  671  956  640 2259  671  335  499 1559  439
        18   16   17   17   11    9   12   20   27   30   27   28   29   33   29   31   25   31   39   43   46   46   38   40        29        41        12        25
                                                                                                                                                                     
       696  649  609  564  540  530  545  578  616  651  682  699  680  633  572  517  474  464  485  526  571  620  667  697 1100  699 2322  700  440  527 1645  462
  921  654  614  562  513  483  485  509  540  572  608  642  656  639  596  539  481  440  430  450  484  523  572  630  673 1056  656 2345  683  427  480 1649  430
        42   35   47   51   57   45   36   38   44   43   40   43   41   37   33   36   34   34   35   42   48   48   37   24        43        17        47        32
                           max                                                                                                                                       
       693  662  612  560  517  496  508  541  576  614  652  680  679  641  582  519  463  434  439  470  509  550  599  651 1127  685            511  495 1719  431
  922  682  656  605  543  489  464  475  505  540  579  625  662  670  644  592  527  466  429  430  458  496  541  598  657 1144  672            511  464 1728  425
        11    6    7   17   28   32   33   36   36   35   27   18    9   -3  -10   -8   -3    5    9   12   13    9    1   -6        13                  31         6
                                                                                                                                                                     
       680  667  621  560  498  453  445  472  508  546  588  637  672  664  618  554  487  428  403  424  463  502  550  607   12  681 1217  675  544  444 1757  403
  923  691  685  645  582  514  464  453  476  513  554  602  653  684  678  639  577  508  450  427  443  479  522  574  635   21  693 1221  686  549  453 1805  427
       -11  -18  -24  -22  -16  -11   -8   -4   -5   -8  -14  -16  -12  -14  -21  -23  -21  -22  -24  -19  -16  -20  -24  -28       -12       -11        -9       -24
                                                                                                                                                                     
1
   TP: 1416      S.N.    442   XIAMEN                LAT.  24.27'   LON. 118.04'         2014.  LEV.  358  W.L.  700    H.G.Y.2009

         0    1    2    3    4    5    6    7    8    9   10   11   12   13   14   15   16   17   18   19   20   21   22   23 TIME   HT TIME   HT TIME   LT TIME   LT
+
       437  367  311  280  277  313  381  457  524  565  563  511  435  364  293  238  218  242  318  410  502  568  601  588  924  571 2227  606  329  272 1611  217
  920  417  347  293  264  264  298  357  426  492  530  526  480  405  323  255  208  193  218  278  358  446  524  567  557  924  533 2218  570  328  260 1553  192
        20   20   18   16   13   15   24   31   32   35   37   31   30   41   38   30   25   24   40   52   56   44   34   31        38        36        12        25
                                                                                                                                                                     
       537  467  386  322  285  280  316  395  490  568  599  593  534  442  349  277  228  210  245  334  441  533  594  609 1023  605 2249  611  422  276 1649  208
  921  496  410  330  269  231  233  280  354  436  512  559  554  495  402  309  235  183  170  209  285  376  474  560  599 1024  563 2303  599  426  227 1644  169
        41   57   56   53   54   47   36   41   54   56   40   39   39   40   40   42   45   40   36   49   65   59   34   10        42        12        49        39
                                                                                                           max                                                       
       573  493  399  319  264  242  260  330  425  514  575  598  566  475  366  272  205  166  174  247  343  437  527  590 1057  598 2335  601  509  241 1718  163
  922  568  481  382  299  233  197  216  285  375  466  547  591  571  487  378  284  209  159  163  226  317  417  520  602 1111  593 2342  622  509  196 1725  155
         5   12   17   20   31   45   44   45   50   48   28    7   -5  -12  -12  -12   -4    7   11   21   26   20    7  -12         5       -21        45         8
                                                                                                                                                                     
       596  528  417  315  243  191  178  227  318  414  505  580  604  547  429  311  227  165  133  166  257  355  454  550  929  703            547  176 1805  133
  923  618  552  442  341  261  197  176  224  318  418  512  589  617  566  456  343  254  184  149  181  269  372  476  575 1151  618            547  175 1800  149
       -22  -24  -25  -26  -18   -6    2    3    0   -4   -7   -9  -13  -19  -27  -32  -27  -19  -16  -15  -12  -17  -22  -25        85                   1       -16
                                                                                                                                                                     
1
   TP: 1416      S.N.  74229   CHONGWUH              LAT.  24.52'   LON. 118.56'         2014.  LEV.  470  W.L.  810    H.G.Y.2009

         0    1    2    3    4    5    6    7    8    9   10   11   12   13   14   15   16   17   18   19   20   21   22   23 TIME   HT TIME   HT TIME   LT TIME   LT
+
       507  436  382  368  394  456  538  614  675  693  664  590  505  418  348  317  329  382  476  575  672  722  724  681  854  695 2136  730  241  366 1509  312
  920  487  416  367  351  376  438  517  593  646  662  631  561  472  385  317  282  293  351  441  541  629  683  689  645  850  662 2136  693  253  351 1515  281
        20   20   15   17   18   18   21   21   29   31   33   29   33   33   31   35   36   31   35   34   43   39   35   36        33        37        15        31
                                                                                                                                                                     
       597  516  438  383  370  401  471  563  657  719  725  683  597  497  408  339  311  334  409  514  621  706  746  729  942  734 2210  748  347  363 1608  310
  921  565  474  390  332  317  353  430  526  616  676  689  647  563  460  362  287  255  279  355  463  575  667  715  704  944  691 2218  718  347  316 1604  255
        32   42   48   51   53   48   41   37   41   43   36   36   34   37   46   52   56   55   54   51   46   39   31   25        43        30        47        55
                                                                                                                                                                     
       657  562  463  384  337  344  400  497  597  685  730  714  640  531  420  321  261  257  313  412  531  642  714  731 1016  733 2245  733  422  333 1628  250
  922  639  542  438  348  294  295  353  451  561  657  712  708  645  543  429  327  257  243  291  390  512  628  711  738 1026  717 2254  738  429  287 1644  240
        18   20   25   36   43   49   47   46   36   28   18    6   -5  -12   -9   -6    4   14   22   22   19   14    3   -7        16        -5        46        10
                                                                                                                                                                     
       682  588  477  369  292  263  298  386  502  617  704  735  698  601  481  361  268  224  242  324  444  567  673  732 1054  735 2323  738  457  263 1710  223
  923  699  610  498  388  304  269  297  382  499  616  705  740  709  621  504  386  291  241  255  333  452  580  688  747 1101  740 2323  752  503  269 1716  239
       -17  -22  -21  -19  -12   -6    1    4    3    1   -1   -5  -11  -20  -23  -25  -23  -17  -13   -9   -8  -13  -15  -15        -5       -14        -6       -16
                                                                                                                                                                     
1
   TP: 1416      S.N.    440   PINGTAN               LAT.  25.28'   LON. 119.50'         2014.  LEV.  376  W.L.  710    H.G.Y.2009

         0    1    2    3    4    5    6    7    8    9   10   11   12   13   14   15   16   17   18   19   20   21   22   23 TIME   HT TIME   HT TIME   LT TIME   LT
+
       369  306  272  279  332  408  489  552  587  579  531  449  358  276  227  222  268  345  445  536  601  629  607  545  822  590 2113  630  211  270 1432  216
  920  351  286  252  260  310  388  471  536  565  552  499  417  324  243  191  186  231  316  419  514  578  600  575  509  811  566 2057  600  218  250 1436  182
        18   20   20   19   22   20   18   16   22   27   32   32   34   33   36   36   37   29   26   22   23   29   32   36        24        30        20        34
                                                                                                                                                                     
       450  360  294  265  285  346  429  512  581  610  594  530  437  335  252  208  222  279  371  475  564  627  636  596  911  611 2143  640  256  264 1508  206
  921  419  325  250  215  233  300  397  494  565  594  572  505  407  302  212  162  167  231  335  452  551  612  620  576  904  594 2139  623  309  214 1524  157
        31   35   44   50   52   46   32   18   16   16   22   25   30   33   40   46   55   48   36   23   13   15   16   20        17        17        50        49
                           max                                                                                                                                       
       511  412  319  251  240  279  364  465  556  615  623  576  486  372  261  184  160  198  287  404  519  604  637  611  940  628 2200  637  342  236 1546  157
  922  490  383  281  208  187  227  319  432  536  603  618  577  489  376  264  179  143  172  261  383  505  597  640  624  946  620 2213  642  350  186 1602  143
        21   29   38   43   53   52   45   33   20   12    5   -1   -3   -4   -3    5   17   26   26   21   14    7   -3  -13         8        -5        50        14
                                                                                                                                                                     
       536  427  316  222  173  187  263  378  498  593  636  623  548  434  311  200  138  137  206  322  457  570  635  638 1014  639 2232  645  426  169 1628  129
  923  553  446  330  231  175  181  252  366  489  587  638  629  562  454  331  223  154  147  207  320  452  566  638  652 1021  641 2243  655  424  170 1636  141
       -17  -19  -14   -9   -2    6   11   12    9    6   -2   -6  -14  -20  -20  -23  -16  -10   -1    2    5    4   -3  -14        -2       -10        -1       -12
                                                                                                                                                                     
1
   TP: 1416      S.N.   3519   CHMEN                 LAT.  26.08'   LON. 119.36'         2014.  LEV.  367  W.L.  678    H.G.Y.2008

         0    1    2    3    4    5    6    7    8    9   10   11   12   13   14   15   16   17   18   19   20   21   22   23 TIME   HT TIME   HT TIME   LT TIME   LT
+
       369  305  264  256  307  394  483  549  576  566  517  447  364  284  232  206  239  336  446  540  606  625  599  534  812  578 2057  626  234  253 1507  205
  920  333  274  239  236  276  353  437  503  525  503  450  381  310  242  194  178  206  287  395  499  566  576  537  468  800  525 2042  578  234  232 1451  178
        36   31   25   20   31   41   46   46   51   63   67   66   54   42   38   28   33   49   51   41   40   49   62   66        53        48        21        27
                                                                                                                                                                     
       452  363  291  249  253  331  434  523  587  613  586  522  447  355  281  230  213  273  383  496  583  640  636  591  903  613 2125  649  321  242 1546  210
  921  390  312  246  209  211  271  369  470  542  562  531  462  380  297  223  173  158  203  309  436  546  603  599  540  853  562 2125  609  325  205 1545  156
        62   51   45   40   42   60   65   53   45   51   55   60   67   58   58   57   55   70   74   60   37   37   37   51        51        40        37        54
                                                                                                 max                                                                 
       510  421  331  265  227  253  358  470  564  611  615  562  474  381  291  223  179  172  266  398  520  600  633  600  936  622 2201  633  410  225 1637  166
  922  452  360  274  211  178  199  287  407  517  582  589  540  454  360  271  199  152  148  222  354  491  590  625  596  936  593 2202  625  406  178 1632  140
        58   61   57   54   49   54   71   63   47   29   26   22   20   21   20   24   27   24   44   44   29   10    8    4        29         8        47        26
                                                                                                                                                                     
       519  428  330  252  199  174  234  364  499  589  630  605  529  431  333  251  195  156  177  299  446  565  630  627 1007  631 2228  638  503  173 1717  151
  923  515  412  314  232  178  159  208  326  460  564  609  592  522  424  326  240  176  138  160  269  418  547  620  623 1013  611 2232  629  447  157 1707  137
         4   16   16   20   21   15   26   38   39   25   21   13    7    7    7   11   19   18   17   30   28   18   10    4        20         9        16        14
                                                                                                                                                                     
1
   TP: 1416      S.N.   3606   BJIAO                 LAT.  26.22'   LON. 119.56'         2014.  LEV.  448  W.L.  808    H.G.Y.2010

         0    1    2    3    4    5    6    7    8    9   10   11   12   13   14   15   16   17   18   19   20   21   22   23 TIME   HT TIME   HT TIME   LT TIME   LT
+
       405  353  339  375  447  537  619  667  679  646  578  481  389  319  287  312  389  495  601  684  723  719  669  586  746  682 2016  728  142  338 1405  284
  920  376  324  309  338  403  485  560  612  628  601  532  438  344  274  244  263  331  430  532  614  659  659  611  526  752  628 2029  664  150  308 1406  244
        29   29   30   37   44   52   59   55   51   45   46   43   45   45   43   49   58   65   69   70   64   60   58   60        54        64        30        40
                                                                                                                                                                     
       482  394  333  331  386  483  585  665  705  702  653  568  463  366  296  281  328  429  546  652  726  748  727  653  817  712 2102  752  228  321 1451  275
  921  426  338  283  277  323  408  506  590  643  651  608  521  412  310  240  221  260  349  465  574  652  683  662  590  839  654 2105  684  236  273 1449  220
        56   56   50   54   63   75   79   75   62   51   45   47   51   56   56   60   68   80   81   78   74   65   65   63        58        68        48        55
                                                                                                 max                                                                 
       548  441  351  306  324  407  518  626  699  727  704  627  514  395  289  230  239  320  442  569  672  732  732  678  902  730 2135  741  309  303 1533  224
  922  485  375  287  246  264  338  445  554  637  677  663  594  486  366  266  211  217  286  400  526  631  692  697  644  914  678 2135  702  311  245 1524  206
        63   66   64   60   60   69   73   72   62   50   41   33   28   29   23   19   22   34   42   43   41   40   35   34        52        39        58        18
                                                                                                                                                                     
       573  446  331  253  237  296  408  540  653  725  737  686  578  444  318  227  196  239  350  489  622  717  750  719  942  740 2157  751  345  233 1552  195
  923  545  423  312  239  225  278  383  507  617  686  701  656  558  432  311  226  198  239  340  473  599  688  720  690  944  703 2201  720  342  222 1554  198
        28   23   19   14   12   18   25   33   36   39   36   30   20   12    7    1   -2    0   10   16   23   29   30   29        37        31        11        -3
                                                                                                                                                                     
1
   TP: 1416      S.N.    430   SANSHA                LAT.  26.55'   LON. 120.13'         2014.  LEV.  491  W.L.  825    H.G.Y.2009

         0    1    2    3    4    5    6    7    8    9   10   11   12   13   14   15   16   17   18   19   20   21   22   23 TIME   HT TIME   HT TIME   LT TIME   LT
+
       429  393  398  445  519  600  667  700  687  647  574  488  408  355  340  375  465  564  660  725  740  722  662  578  715  702 2000  740  117  387 1353  338
  920  413  376  380  426  500  577  639  670  663  617  542  454  371  314  304  349  436  538  631  695  718  694  629  541  719  672 1959  718  124  372 1340  301
        16   17   18   19   19   23   28   30   24   30   32   34   37   41   36   26   29   26   29   30   22   28   33   37        30        22        15        37
                                                                                                                                                                     
       493  415  376  390  460  555  646  709  733  703  640  559  458  377  330  338  405  500  612  716  758  760  721  649  742  734 2019  767  217  371 1430  323
  921  448  372  335  352  417  509  601  670  701  685  624  531  428  335  280  284  351  457  573  670  729  737  692  607  809  702 2039  740  211  334 1425  274
        45   43   41   38   43   46   45   39   32   18   16   28   30   42   50   54   54   43   39   46   29   23   29   42        32        27        37        49
                                                                                       max                                                                           
       547  442  379  359  402  491  596  682  739  745  698  620  515  402  315  280  316  414  530  644  727  757  736  667  835  753 2108  759  246  358 1456  279
  922  501  398  325  305  347  437  545  644  710  727  690  608  499  385  295  257  290  384  509  629  717  756  737  667  848  728 2110  757  249  304 1501  257
        46   44   54   54   55   54   51   38   29   18    8   12   16   17   20   23   26   30   21   15   10    1   -1    0        25         2        54        22
                                                                                                                                                                     
       570  449  345  293  305  387  502  621  714  757  740  668  566  445  330  257  251  325  448  583  694  759  762  703  922  759 2130  770  323  289 1540  244
  923  562  444  343  287  298  373  486  604  697  746  738  675  572  451  338  265  260  328  447  580  691  757  765  715  921  750 2138  769  319  283 1534  253
         8    5    2    6    7   14   16   17   17   11    2   -7   -6   -6   -8   -8   -9   -3    1    3    3    2   -3  -12         9         1         6        -9
                                                                                                                                                                     
1
   TP: 1416      S.N.      0   SHIPENG               LAT.  27.24'   LON. 120.38'         2014.  LEV.  213  W.L.    0    H.G.Y.2010

         0    1    2    3    4    5    6    7    8    9   10   11   12   13   14   15   16   17   18   19   20   21   22   23 TIME   HT TIME   HT TIME   LT TIME   LT
+
       134  111  128  184  255  325  381  403  384  332  258  178  108   66   70  123  205  303  390  438  444  407  336  257  702  403 1932  449   52  110 1333   60
  920  123   96  109  156  223  292  346  370  354  305  234  152   78   34   35   84  166  260  344  397  407  373  308  227  706  370 1943  408  110   96 1328   28
        11   15   19   28   32   33   35   33   30   27   24   26   30   32   35   39   39   43   46   41   37   34   28   30        33        41        14        32
                                                                                                                                                                     
       181  118  106  134  204  289  378  427  435  397  322  233  147   74   44   73  153  253  357  442  481  461  403  319  744  437 1959  481  140  102 1401   44
  921  144   82   61   89  155  240  321  378  396  367  303  215  121   42    5   25   96  197  301  384  426  416  361  278  752  396 2018  429  155   61 1409    4
        37   36   45   45   49   49   57   49   39   30   19   18   26   32   39   48   57   56   56   58   55   45   42   41        41        52        41        40
                                                                                                      max                                                            
       227  137   82   88  150  239  327  405  451  444  389  293  190   96   21   11   63  163  274  382  450  465  425  347  823  457 2048  465  232   79 1438    7
  922  182   94   39   39   93  183  281  366  415  414  364  279  177   77    5   -9   40  138  253  358  428  446  408  329  828  421 2049  447  230   32 1443  -11
        45   43   43   49   57   56   46   39   36   30   25   14   13   19   16   20   23   25   21   24   22   19   17   18        36        18        47        18
                                                                                                                                                                     
       246  137   48   15   49  140  251  364  438  463  427  348  246  132   26  -29  -16   76  196  327  423  471  452  380  856  463 2118  473  254   14 1517  -34
  923  228  123   40    8   41  126  235  339  416  445  417  342  239  128   31  -18    0   84  202  322  416  462  447  379  900  445 2115  464  259    8 1512  -20
        18   14    8    7    8   14   16   25   22   18   10    6    7    4   -5  -11  -16   -8   -6    5    7    9    5    1        18         9         6       -14
                                                                                                                                                                     
1
   TP: 1416      S.N.  72915   AOJIANG               LAT.  27.36'   LON. 120.34'         2014.  LEV.  233  W.L.  560    H.G.Y.2008

         0    1    2    3    4    5    6    7    8    9   10   11   12   13   14   15   16   17   18   19   20   21   22   23 TIME   HT TIME   HT TIME   LT TIME   LT
+
       145  106  126  190  277  351  418  436  413  346  273  199  137   84   72  123  220  328  413  479  474  430  356  268  703  438 1940  487  102  106 1324   70
  920  149  111  113  175  270  352  410  418  387  325  256  182  110   58   46   89  190  310  424  482  472  412  337  259  643  420 1921  486  127  107 1343   44
        -4   -5   13   15    7   -1    8   18   26   21   17   17   27   26   26   34   30   18  -11   -3    2   18   19    9        18         1        -1        26
                                                                                                                                                                     
       198  142   97  132  206  324  398  459  470  442  352  271  212  168  147  136  159  290  395  480  524  501  446  350  741  481 1951  536  201   97 1506  136
  921  179  109   67   85  176  286  382  443  450  405  328  248  164   86   30   18   84  212  354  468  510  479  398  308  738  454 2004  510  211   66 1438   13
        19   33   30   47   30   38   16   16   20   37   24   23   48   82  117  118   75   78   41   12   14   22   48   42        27        26        31       123
                                                                             max                                                                                     
       275  218  176  152  164  267  359  448  501  479  420  331  246  188  151  126  109  171  298  411  487  503  451  363  815  507 2036  507  316  149 1615  106
  922  218  134   65   36   84  204  326  426  477  468  400  310  219  133   58    4    9  114  270  420  511  522  459  361  821  481 2038  526  252   35 1525    0
        57   84  111  116   80   63   33   22   24   11   20   21   27   55   93  122  100   57   28   -9  -24  -19   -8    2        26       -19       114       106
                                                                                                                                                                     
       279  198  140  102   76  126  264  404  476  497  457  365  271  185  115   69   37   21  185  358  471  511  484  400  835  504 2058  512  415   72 1652   16
  923  260  167   90   34   27  115  259  388  476  504  464  374  275  181  101   35   -6   34  182  356  489  541  510  418  854  504 2107  541  334   18 1600   -6
        19   31   50   68   49   11    5   16    0   -7   -7   -9   -4    4   14   34   43  -13    3    2  -18  -30  -26  -18         0       -29        54        22
                                                                                                                                                                     
1
   TP: 1416      S.N.      0   RUIANH                LAT.  27.37'   LON. 121.11'         2014.  LEV.  222  W.L.    0    H.G.Y.2010

         0    1    2    3    4    5    6    7    8    9   10   11   12   13   14   15   16   17   18   19   20   21   22   23 TIME   HT TIME   HT TIME   LT TIME   LT
+
       160  137  152  189  242  302  353  380  371  332  269  199  137   99   96  128  191  268  343  399  420  397  342  272  718  381 1958  420  102  137 1332   92
  920  129  118  142  191  252  312  354  364  337  282  210  136   77   51   69  126  205  289  360  398  394  351  284  206  646  365 1924  402   48  118 1305   51
        31   19   10   -2  -10  -10   -1   16   34   50   59   63   60   48   27    2  -14  -21  -17    1   26   46   58   66        16        18        19        41
                                                                                                                                                                     
       202  151  133  148  196  261  331  388  411  391  330  253  174  109   79   89  138  217  305  385  437  442  399  330  802  411 2037  446  205  133 1415   78
  921  136   93   91  129  195  271  340  382  384  345  275  188  105   46   31   67  141  235  327  395  421  397  335  250  733  389 2001  421  132   86 1347   30
        66   58   42   19    1  -10   -9    6   27   46   55   65   69   63   48   22   -3  -18  -22  -10   16   45   64   80        22        25        47        48
                                                                                                                                                                     
       250  173  122  120  158  225  302  374  422  431  395  322  234  147   81   57   82  148  238  330  407  443  419  358  842  433 2105  443  234  116 1457   57
  922  161   91   60   79  139  223  310  380  412  396  336  248  151   66   20   28   88  182  287  377  430  432  382  298  810  413 2031  437  207   60 1421   16
        89   82   62   41   19    2   -8   -6   10   35   59   74   83   81   61   29   -6  -34  -49  -47  -23   11   37   60        20         6        56        41
                                                                                                                                                                     
       276  187  107   62   80  142  228  319  399  442  417  357  275  180   89   23   30   88  178  279  377  441  437  386  906  442 2127  450  310   61 1522   15
  923  199  108   50   43   89  173  272  362  421  433  392  310  207  106   32   10   48  133  242  348  425  453  423  347  843  435 2058  453  237   39 1452    9
        77   79   57   19   -9  -31  -44  -43  -22    9   25   47   68   74   57   13  -18  -45  -64  -69  -48  -12   14   39         7        -3        22         6
                                                                                                                                                                     
1
   TP: 1416      S.N.    424   KANMEN                LAT.  28.05'   LON. 121.17'         2014.  LEV.  389  W.L.  740    H.G.Y.2009

         0    1    2    3    4    5    6    7    8    9   10   11   12   13   14   15   16   17   18   19   20   21   22   23 TIME   HT TIME   HT TIME   LT TIME   LT
+
       310  317  353  414  476  537  566  566  533  463  385  302  264  255  286  360  445  525  596  615  605  538  466  377  627  574 1908  625   24  308 1245  248
  920  301  306  341  397  461  518  551  549  509  440  358  282  234  228  266  337  426  513  578  604  583  523  440  354  626  555 1902  604   21  299 1238  225
         9   11   12   17   15   19   15   17   24   23   27   20   30   27   20   23   19   12   18   11   22   15   26   23        19        21         9        23
                                                                                                                                                                     
       308  294  321  362  435  508  568  598  605  535  444  342  273  247  255  296  381  488  580  635  655  613  529  428  726  619 1952  659  107  285          
  921  288  260  277  330  404  485  552  585  573  518  430  330  245  199  208  265  356  460  554  614  624  584  503  401  714  586 1941  627  107  260 1320  196
        20   34   44   32   31   23   16   13   32   17   14   12   28   48   47   31   25   28   26   21   31   29   26   27        33        32        25      -196
                                                                                                                                                                     
       341  274  270  328  394  489  564  627  659  618  549  444  330  247  225  247  313  419  526  599  646  636  566  464  801  664 2032  654  141  265 1340  219
  922  304  240  229  269  344  437  528  593  613  581  504  398  287  204  177  211  294  402  514  602  643  627  561  458  752  613 2013  645  143  227 1356  177
        37   34   41   59   50   52   36   34   46   37   45   46   43   43   48   36   19   17   12   -3    3    9    5    6        51         9        38        42
                      max                                                                                                                                            
       350  258  218  226  296  398  502  594  636  623  562  457  345  241  171  171  238  347  470  580  641  644  593  492  820  643 2034  647  207  209 1431  159
  923  343  248  204  221  288  386  491  580  630  626  568  469  349  239  175  178  243  348  468  575  644  655  608  515  824  635 2041  658  213  202 1427  168
         7   10   14    5    8   12   11   14    6   -3   -6  -12   -4    2   -4   -7   -5   -1    2    5   -3  -11  -15  -23         8       -11         7        -9
                                                                                                                                                                     
1
   TP: 1416      S.N.    422   DACHEN                LAT.  28.27'   LON. 121.54'         2014.  LEV.  302  W.L.    0    H.G.Y.2009

         0    1    2    3    4    5    6    7    8    9   10   11   12   13   14   15   16   17   18   19   20   21   22   23 TIME   HT TIME   HT TIME   LT TIME   LT
+
       245  255  291  335  388  433  455  446  406  348  281  222  193  197  229  293  363  434  483  494  475  423  354  283  608  457 1846  498    1  244 1229  188
  920  239  245  273  319  372  415  436  428  393  336  267  208  174  175  209  271  349  422  470  483  462  410  340  271  613  437 1852  484   16  238 1228  170
         6   10   18   16   16   18   19   18   13   12   14   14   19   22   20   22   14   12   13   11   13   13   14   12        20        14         6        18
                                                                                                                                                                     
       235  230  248  291  351  412  465  484  467  416  340  256  197  174  192  255  323  409  482  525  524  480  402  317  701  485 1936  535   34  224 1254  169
  921  222  205  220  263  327  395  446  466  450  400  324  242  177  147  159  209  289  380  458  501  502  461  389  303  702  466 1930  507  102  205 1312  146
        13   25   28   28   24   17   19   18   17   16   16   14   20   27   33   46   34   29   24   24   22   19   13   14        19        28        19        23
                                                                                                                                                                     
       253  215  221  259  324  410  477  526  528  487  413  322  241  191  190  224  280  361  443  506  534  511  443  351  741  534 1957  535  124  209 1327  183
  922  228  183  179  212  275  356  433  482  490  456  385  293  205  145  131  163  233  329  426  498  525  502  438  347  741  492 2002  525  137  176 1348  130
        25   32   42   47   49   54   44   44   38   31   28   29   36   46   59   61   47   32   17    8    9    9    5    4        42        10        33        53
                                                                                  max                                                                                
       261  196  171  187  240  322  411  485  519  502  440  345  242  159  120  134  193  281  383  474  523  520  468  382  813  522 2019  528  205  169 1405  118
  923  252  182  154  171  227  310  402  477  512  499  442  352  250  166  125  134  189  279  385  477  531  531  482  394  814  513 2030  537  207  154 1419  122
         9   14   17   16   13   12    9    8    7    3   -2   -7   -8   -7   -5    0    4    2   -2   -3   -8  -11  -14  -12         9        -9        15        -4
                                                                                                                                                                     
1
   TP: 1416      S.N.   3347   SANMEN                LAT.  29.02'   LON. 121.36'         2014.  LEV.  387  W.L.  750    H.G.Y.2008

         0    1    2    3    4    5    6    7    8    9   10   11   12   13   14   15   16   17   18   19   20   21   22   23 TIME   HT TIME   HT TIME   LT TIME   LT
+
       323  328  355  411  472  521  553  552  507  435  360  300  257  253  289  364  447  527  588  609  583  515  435  361  635  561 1905  610   21  320 1238  246
  920  308  307  337  391  454  507  539  533  489  424  347  282  239  229  265  340  434  523  587  609  577  509  423  345  620  541 1854  610   31  303 1243  227
        15   21   18   20   18   14   14   19   18   11   13   18   18   24   24   24   13    4    1    0    6    6   12   16        20         0        17        19
                                                                                                                                                                     
       313  284  303  367  438  498  556  589  574  519  433  347  284  233  246  307  403  498  587  644  649  603  510  400  708  591 1921  654  116  277 1306  229
  921  291  263  274  324  400  481  548  583  564  501  413  319  245  200  202  261  358  468  566  631  636  579  485  380  708  583 1935  641  112  262 1327  195
        22   21   29   43   38   17    8    6   10   18   20   28   39   33   44   46   45   30   21   13   13   24   25   20         8        13        15        34
                                                                                                                                                                     
       320  276  275  323  398  487  570  634  650  616  537  439  335  280  278  326  395  459  546  635  690  674  582  462  747  655 2020  694  146  270 1321  271
  922  296  243  227  262  338  435  528  598  618  576  490  381  279  205  169  197  286  403  522  618  666  640  554  438  749  619 2009  666  149  226 1403  169
        24   33   48   61   60   52   42   36   32   40   47   58   56   75  109  129  109   56   24   17   24   34   28   24        36        28        44       102
                                                                                  max                                                                                
       342  272  239  249  307  393  491  580  639  639  576  459  323  225  174  180  253  343  461  569  647  661  600  492  833  646 2047  664  222  236 1432  168
  923  325  245  201  210  277  379  488  583  641  635  564  456  336  236  171  159  223  338  467  583  663  679  617  505  823  646 2042  682  220  198 1439  155
        17   27   38   39   30   14    3   -3   -2    4   12    3  -13  -11    3   21   30    5   -6  -14  -16  -18  -17  -13         0       -18        38        13
                                                                                                                                                                     
1
   TP: 1416      S.N.    530   SHIPU                 LAT.  29.13'   LON. 121.58'         2014.  LEV.  302  W.L.  620    H.G.Y.2009

         0    1    2    3    4    5    6    7    8    9   10   11   12   13   14   15   16   17   18   19   20   21   22   23 TIME   HT TIME   HT TIME   LT TIME   LT
+
       257  257  283  331  382  421  445  437  396  338  278  224  193  199  235  288  361  436  475  492  463  415  346  292  603  446 1858  493   18  254 1242  191
  920  248  249  274  316  365  405  426  419  384  328  266  214  183  183  217  281  359  429  474  484  458  404  337  275  614  427 1846  485   26  246 1230  178
         9    8    9   15   17   16   19   18   12   10   12   10   10   16   18    7    2    7    1    8    5   11    9   17        19         8         8        13
                                                                                                                                                                     
       240  226  241  292  352  406  449  468  446  395  342  272  214  186  195  240  308  418  493  524  524  480  406  325  715  472 1912  533  106  224 1331  179
  921  231  211  222  264  326  390  440  460  443  391  317  242  183  154  164  215  298  390  465  506  502  457  382  301  702  460 1925  510  108  211 1314  153
         9   15   19   28   26   16    9    8    3    4   25   30   31   32   31   25   10   28   28   18   22   23   24   24        12        23        13        26
                                                                                                                                                                     
       260  223  225  250  315  395  467  514  524  485  421  331  264  225  208  250  298  386  473  542  576  556  482  395  723  531 1948  583  107  215 1357  208
  922  233  192  183  213  276  357  431  479  487  451  378  289  208  153  135  164  237  337  435  504  529  503  434  343  741  489 1959  529  143  182 1352  135
        27   31   42   37   39   38   36   35   37   34   43   42   56   72   73   86   61   49   38   38   47   53   48   52        42        54        33        73
                                                                                  max                                                                                
       289  223  187  195  245  319  399  474  516  499  437  342  247  165  133  143  183  275  380  466  522  518  469  382  800  516 2019  529  211  186 1405  132
  923  255  191  160  172  226  312  404  477  512  499  440  349  252  174  131  133  185  280  391  484  536  536  483  393  814  513 2029  542  213  159 1427  126
        34   32   27   23   19    7   -5   -3    4    0   -3   -7   -5   -9    2   10   -2   -5  -11  -18  -14  -18  -14  -11         3       -13        27         6
                                                                                                                                                                     
1
   TP: 1416      S.N.   3348   WUSS                  LAT.  29.30'   LON. 121.39'         2014.  LEV.  358  W.L.    0    H.G.Y.2008

         0    1    2    3    4    5    6    7    8    9   10   11   12   13   14   15   16   17   18   19   20   21   22   23 TIME   HT TIME   HT TIME   LT TIME   LT
+
       330  339  345  350  374  428  487  524  509  449  368  295  256  259  288  316  362  430  511  573  581  533  446  369  714  526 1938  586    2  330 1216  253
  920  298  298  304  313  333  379  441  483  477  422  340  266  229  233  260  294  340  406  485  546  559  510  420  330  722  486 1942  561   34  297 1223  226
        32   41   41   37   41   49   46   41   32   27   28   29   27   26   28   22   22   24   26   27   22   23   26   39        40        25        33        27
                                                                                                                                                                     
       320  299  304  314  338  387  461  530  557  526  450  366  298  257  255  284  324  382  466  571  632  611  534  430  807  557 2016  639  102  299 1341  250
  921  273  258  270  290  311  347  412  487  527  503  420  313  228  196  214  252  295  354  436  525  584  576  497  383  807  528 2022  589  103  258 1308  195
        47   41   34   24   27   40   49   43   30   23   30   53   70   61   41   32   29   28   30   46   48   35   37   47        29        50        41        55
                                                                                                                                                                     
       348  295  286  307  333  376  445  537  614  615  555  458  363  296  281  304  341  392  469  581  667  693  642  550  831  626 2045  700  135  281 1358  281
  922  282  227  227  256  288  323  382  464  540  560  503  391  270  189  174  208  253  306  384  483  572  609  565  455  845  562 2057  609  130  223 1347  173
        66   68   59   51   45   53   63   73   74   55   52   67   93  107  107   96   88   86   85   98   95   84   77   95        64        91        58       108
                                                                                                                                                                     
       449  361  299  275  277  301  359  462  564  623  592  484  356  253  208  219  246  267  315  426  546  632  629  543  913  626 2123  644  333  274 1407  207
  923  328  228  191  214  255  296  352  434  526  584  567  473  343  224  160  170  216  264  332  431  537  611  609  523  916  587 2128  619  207  191 1421  155
       121  133  108   61   22    5    7   28   38   39   25   11   13   29   48   49   30    3  -17   -5    9   21   20   20        39        25        83        52
                                                                                                                                                                     
1
   TP: 1416      S.N.   3349   LHDAO                 LAT.  29.46'   LON. 122.04'         2014.  LEV.  277  W.L.    0    H.G.Y.2008

         0    1    2    3    4    5    6    7    8    9   10   11   12   13   14   15   16   17   18   19   20   21   22   23 TIME   HT TIME   HT TIME   LT TIME   LT
+
       261  247  248  272  313  351  380  387  370  332  282  240  207  194  200  240  298  365  417  435  435  404  356  307  653  388 1913  439  119  245 1303  193
  920  238  225  228  250  287  326  354  363  347  311  266  223  191  182  195  232  290  354  401  424  417  383  334  282  651  363 1916  425  119  224 1255  181
        23   22   20   22   26   25   26   24   23   21   16   17   16   12    5    8    8   11   16   11   18   21   22   25        25        14        21        12
                                                                                                                                                                     
       264  237  217  233  270  328  378  406  410  384  343  286  235  202  191  203  243  324  417  454  472  458  411  348  754  413 1949  474  159  216 1339  189
  921  238  210  201  213  253  308  358  387  389  361  311  252  201  169  163  183  236  312  384  430  444  423  372  309  734  392 1953  444  155  201 1344  162
        26   27   16   20   17   20   20   19   21   23   32   34   34   33   28   20    7   12   33   24   28   35   39   39        21        30        15        27
                                                                                                                                                                     
       288  244  220  220  249  312  387  439  459  445  404  340  276  233  212  210  245  317  410  477  510  520  480  419  749  459 2102  522  232  217 1443  207
  922  249  205  182  182  213  275  344  395  417  405  361  295  227  176  149  149  184  258  348  418  454  451  411  343  809  417 2025  457  230  178 1429  146
        39   39   38   38   36   37   43   44   42   40   43   45   49   57   63   61   61   59   62   59   56   69   69   76        42        65        39        61
                                                                                                                                                                     
       344  284  247  211  204  244  329  407  451  456  415  350  279  216  170  147  151  193  286  383  444  469  452  391  829  462 2111  472  341  202 1521  142
  923  270  211  174  160  175  230  313  387  428  436  406  343  266  198  153  134  145  202  297  390  448  464  441  380  841  437 2054  465  259  160 1507  134
        74   73   73   51   29   14   16   20   23   20    9    7   13   18   17   13    6   -9  -11   -7   -4    5   11   11        25         7        42         8
                                                                                                                                                                     
1
   TP: 1416      S.N.      0   BEILUN                LAT.  29.54'   LON. 122.07'         2014.  LEV.  266  W.L.    0    H.G.Y.2011

         0    1    2    3    4    5    6    7    8    9   10   11   12   13   14   15   16   17   18   19   20   21   22   23 TIME   HT TIME   HT TIME   LT TIME   LT
+
       262  237  235  247  278  310  340  356  357  338  299  257  216  193  191  222  266  323  370  399  413  405  374  324  754  359 2008  415  142  234 1341  190
  920  252  229  222  237  267  301  330  346  346  327  291  246  210  193  195  219  264  317  363  394  404  391  357  309  729  348 1955  404  149  222 1323  191
        10    8   13   10   11    9   10   10   11   11    8   11    6    0   -4    3    2    6    7    5    9   14   17   15        11        11        12        -1
                                                                                                                                                                     
       275  240  210  216  241  288  333  364  381  379  355  303  249  212  191  191  219  289  368  408  436  441  418  366  811  384 2058  442  213  209 1434  186
  921  260  224  202  201  229  274  319  352  367  360  330  279  226  189  173  178  214  273  336  384  410  410  385  337  810  368 2029  414  231  198 1414  172
        15   16    8   15   12   14   14   12   14   19   25   24   23   23   18   13    5   16   32   24   26   31   33   29        16        28        11        14
                                                                                                                                                                     
       306  259  224  201  219  274  342  388  411  423  410  357  298  246  211  193  212  276  351  418  454  481  477  429  908  424 2131  486  305  200 1452  191
  922  278  228  194  178  192  240  300  350  381  387  367  320  257  202  168  155  172  227  300  365  408  423  408  366  844  388 2059  423  302  178 1456  155
        28   31   30   23   27   34   42   38   30   36   43   37   41   44   43   38   40   49   51   53   46   58   69   63        36        63        22        36
                                                                                                                     max                                             
       357  299  254  205  178  221  292  352  401  415  406  365  307  243  192  150  138  162  243  326  385  426  425  392  911  418 2114  429  347  170 1544  137
  923  304  242  197  168  164  202  271  338  385  406  399  362  299  230  180  151  146  184  259  338  397  427  426  393  914  407 2127  431  335  160 1536  143
        53   57   57   37   14   19   21   14   16    9    7    3    8   13   12   -1   -8  -22  -16  -12  -12   -1   -1   -1        11        -2        10        -6
                                                                                                                                                                     
1
   TP: 1416      S.N.   7447   ZHENHAIH              LAT.  29.59'   LON. 121.44'         2014.  LEV.  217  W.L.  440    H.G.Y.2009

         0    1    2    3    4    5    6    7    8    9   10   11   12   13   14   15   16   17   18   19   20   21   22   23 TIME   HT TIME   HT TIME   LT TIME   LT
+
       269  222  192  181  192  216  244  275  295  302  287  263  231  193  158  156  176  223  268  310  344  371  366  336  851  303 2133  374  249  179 1434  150
  920  259  214  179  168  178  203  233  259  278  288  280  255  225  192  164  159  181  219  266  308  337  356  355  328  903  288 2125  358  301  168 1440  157
        10    8   13   13   14   13   11   16   17   14    7    8    6    1   -6   -3   -5    4    2    2    7   15   11    8        15        16        11        -7
                                                                                                                                                                     
       299  256  197  161  159  191  230  268  299  331  339  311  272  239  191  153  148  188  251  305  345  380  406  384  943  342 2201  406  336  153 1543  143
  921  290  244  191  154  150  172  210  250  279  301  308  289  255  220  176  142  142  174  225  280  322  352  368  354  946  309 2202  368  339  149 1530  138
         9   12    6    7    9   19   20   18   20   30   31   22   17   19   15   11    6   14   26   25   23   28   38   30        33        38         4         5
                                                                                                                                                                     
       339  300  246  190  159  180  237  283  326  359  387  370  334  294  250  198  168  185  244  311  366  408  452  442 1014  389 2222  455  404  159 1610  167
  922  316  273  220  161  131  143  183  234  277  307  328  323  288  250  207  153  121  135  184  247  302  340  369  373 1017  329 2237  376  412  131 1611  120
        23   27   26   29   28   37   54   49   49   52   59   47   46   44   43   45   47   50   60   64   64   68   83   69        60        79        28        47
                                                                                                                     max                                             
       404  360  310  248  176  148  180  231  288  323  347  357  332  291  238  168  110   83  115  189  259  305  342  372 1104  358 2304  372  504  148 1705   82
  923  340  295  249  186  130  120  154  211  267  307  337  350  323  279  238  185  127  110  146  210  277  324  358  379 1049  350 2302  379  443  118 1648  109
        64   65   61   62   46   28   26   20   21   16   10    7    9   12    0  -17  -17  -27  -31  -21  -18  -19  -16   -7         8        -7        30       -27
                                                                                                                                                                     
1
   TP: 1416      S.N.  69854   LUCHAOG               LAT.  30.53'   LON. 121.50'         2014.  LEV.  195  W.L.  490    H.G.Y.2008

         0    1    2    3    4    5    6    7    8    9   10   11   12   13   14   15   16   17   18   19   20   21   22   23 TIME   HT TIME   HT TIME   LT TIME   LT
+
       220  165  116   91  108  156  221  277  320  332  315  271  209  149  102   85  102  158  238  325  384  409  398  353  854  334 2057  410  250   90 1441   83
  920  219  157  109   85   93  137  202  264  303  317  302  264  213  156  109   88   98  148  229  312  370  394  386  344  858  317 2114  395  315   84 1510   87
         1    8    7    6   15   19   19   13   17   15   13    7   -4   -7   -7   -3    4   10    9   13   14   15   12    9        17        15         6        -4
                                                                                                                                                                     
       287  203  139   80   60   89  162  252  322  359  376  343  289  210  143   94   80   96  163  273  380  422  436  416 1001  376 2125  440  402   59 1559   79
  921  280  204  128   72   46   66  134  223  299  341  351  326  272  203  131   76   51   68  141  245  341  398  416  396  947  352 2158  416  404   46 1605   51
         7   -1   11    8   14   23   28   29   23   18   25   17   17    7   12   18   29   28   22   28   39   24   20   20        24        24        13        28
                                                                                                                                                                     
       357  268  187  117   72   69  128  228  322  386  414  406  355  269  192  132   79   70  127  237  353  429  469  471 1033  421 2223  477  422   58 1641   64
  922  338  259  170   91   38   22   68  166  271  345  378  375  330  258  174   97   44   24   65  168  288  380  422  426 1025  381 2234  430  445   20 1649   23
        19    9   17   26   34   47   60   62   51   41   36   31   25   11   18   35   35   46   62   69   65   49   47   45        40        47        38        41
                                                                                                      max                                                            
       428  343  247  173  105   63   87  166  279  373  429  430  389  310  217  131   54    6    4   91  226  338  397  420 1024  436 2312  423  516   57 1731   -4
  923  386  309  218  127   57   12   21  105  226  330  387  403  379  311  225  136   64   18   16   93  221  342  412  433 1054  403 2303  433  519    9 1731    7
        42   34   29   46   48   51   66   61   53   43   42   27   10   -1   -8   -5  -10  -12  -12   -2    5   -4  -15  -13        33       -10        48       -11
                                                                                                                                                                     
1
   TP: 1416      S.N.   7414   DAISHAN               LAT.  30.14'   LON. 122.11'         2014.  LEV.  286  W.L.    0    H.G.Y.2009

         0    1    2    3    4    5    6    7    8    9   10   11   12   13   14   15   16   17   18   19   20   21   22   23 TIME   HT TIME   HT TIME   LT TIME   LT
+
       303  267  246  247  275  302  330  357  370  363  337  309  269  237  219  228  263  312  355  401  428  429  411  374  809  371 2040  433  231  244 1416  218
  920  290  258  238  237  262  293  324  349  361  357  331  296  259  234  222  229  265  314  361  400  422  425  402  362  813  362 2037  427  230  234 1408  222
        13    9    8   10   13    9    6    8    9    6    6   13   10    3   -3   -1   -2   -2   -6    1    6    4    9   12         9         6        10        -4
                                                                                                                                                                     
       331  282  242  222  234  274  315  360  386  402  387  353  312  267  230  213  219  278  343  394  442  460  453  418  909  407 2114  463  316  219 1501  213
  921  313  267  232  213  226  265  308  347  373  383  369  332  286  243  214  201  218  269  327  381  419  437  430  393  855  383 2112  437  305  212 1455  201
        18   15   10    9    8    9    7   13   13   19   18   21   26   24   16   12    1    9   16   13   23   23   23   25        24        26         7        12
                                                                                                                                                                     
       369  324  273  238  224  261  317  364  409  437  436  399  358  310  265  230  225  261  329  391  449  490  494  473  931  442 2131  499  337  218 1556  224
  922  341  286  238  205  197  231  285  337  378  400  401  371  322  268  222  193  187  223  289  354  406  438  446  422  931  404 2144  447  341  195 1538  184
        28   38   35   33   27   30   32   27   31   37   35   28   36   42   43   37   38   38   40   37   43   52   48   51        38        52        23        40
                                                                                                                                                                     
       415  364  319  261  227  222  275  333  383  423  435  415  372  325  267  207  165  165  229  302  366  420  444  430  953  437 2154  448  442  217 1630  156
  923  371  311  254  209  184  198  254  319  373  409  422  407  361  302  246  201  177  188  247  322  385  431  451  442  957  422 2212  451  408  183 1611  176
        44   53   65   52   43   24   21   14   10   14   13    8   11   23   21    6  -12  -23  -18  -20  -19  -11   -7  -12        15        -3        34       -20
                                                                                                                                                                     
1
   TP: 1416      S.N.   7416   TANHUDAO              LAT.  30.37'   LON. 121.37'         2014.  LEV.  377  W.L.    0    H.G.Y.2009

         0    1    2    3    4    5    6    7    8    9   10   11   12   13   14   15   16   17   18   19   20   21   22   23 TIME   HT TIME   HT TIME   LT TIME   LT
+
       447  382  324  281  269  304  370  438  495  528  527  494  437  373  313  267  257  299  379  466  547  597  608  580  926  532 2141  609  345  268 1544  256
  920  440  373  311  267  256  281  342  413  467  500  501  474  429  374  316  269  255  285  359  449  522  574  588  563  931  504 2152  589  348  255 1549  254
         7    9   13   14   13   23   28   25   28   28   26   20    8   -1   -3   -2    2   14   20   17   25   23   20   17        28        20        13         2
                                                                                                                                                                     
       523  452  371  302  254  246  304  394  473  531  566  568  525  451  384  315  269  254  300  405  508  586  632  639 1027  573 2247  642  436  239 1640  252
  921  512  442  360  281  228  215  258  347  435  502  540  535  497  437  365  290  232  215  260  361  464  545  601  609 1023  544 2240  611  443  213 1646  214
        11   10   11   21   26   31   46   47   38   29   26   33   28   14   19   25   37   39   40   44   44   41   31   30        29        31        26        38
                                                                                                                                                                     
       600  521  441  359  294  251  270  359  459  539  598  621  601  530  456  379  308  259  264  357  479  576  651  686 1106  622 2308  688  519  246 1731  250
  922  571  505  421  330  248  195  196  274  386  478  546  575  554  497  422  339  258  199  194  271  395  499  577  622 1104  575 2318  624  527  189 1733  186
        29   16   20   29   46   56   74   85   73   61   52   46   47   33   34   40   50   60   70   86   84   77   74   64        47        64        57        64
                                                                                                      max                                                            
       672  605  523  434  352  287  248  287  392  504  577  617  609  553  464  377  293  217  166  193  317  446  535  598 1119  621 2349  613  605  248 1821  162
  923  611  555  474  383  293  216  173  212  327  443  528  585  592  550  476  390  306  227  175  201  318  446  539  606 1139  595 2352  627  601  173 1810  174
        61   50   49   51   59   71   75   75   65   61   49   32   17    3  -12  -13  -13  -10   -9   -8   -1    0   -4   -8        26       -14        75       -12
                                                                                                                                                                     
1
   TP: 1416      S.N.   1111   SHESHAN               LAT.  31.25'   LON. 122.14'         2014.  LEV.  249  W.L.    0    H.G.Y.2009

         0    1    2    3    4    5    6    7    8    9   10   11   12   13   14   15   16   17   18   19   20   21   22   23 TIME   HT TIME   HT TIME   LT TIME   LT
+
       309  263  220  185  188  214  262  321  373  395  388  358  318  280  250  222  209  228  291  355  416  461  450  415  912  398 2110  464  343  182 1559  208
  921  278  229  184  154  149  175  225  282  330  358  355  327  289  247  206  175  167  192  248  316  375  408  405  365  925  360 2124  411  339  147 1544  166
        31   34   36   31   39   39   37   39   43   37   33   31   29   33   44   47   42   36   43   39   41   53   45   50        38        53        35        42
                                                                                                                                                                     
       356  302  251  211  191  202  253  319  385  430  439  416  366  316  275  232  207  211  257  332  405  459  475  450  943  442 2154  477  428  190 1631  200
  922  308  249  194  150  130  143  191  261  327  374  388  364  317  266  215  171  145  152  200  277  355  412  432  407  952  388 2156  432  407  130 1616  144
        48   53   57   61   61   59   62   58   58   56   51   52   49   50   60   61   62   59   57   55   50   47   43   43        54        45        60        56
                                                                                                                                                                     
       400  338  281  224  187  181  212  277  357  424  462  446  397  331  272  215  168  152  180  256  345  417  457  453 1006  464 2234  462  442  178 1652  150
  923  348  280  217  162  124  119  156  228  310  377  412  404  358  297  238  183  140  127  156  228  318  395  441  439 1019  414 2227  446  437  116 1649  126
        52   58   64   62   63   62   56   49   47   47   50   42   39   34   34   32   28   25   24   28   27   22   16   14        50        16        62        24
                                                                                                                                                                     
       409  344  286  232  174  138  146  209  309  393  459  482  449  393  337  280  214  163  156  201  294  390  460  488 1053  483 2255  488  522  133 1737  153
  924  390  318  247  184  133  108  126  188  277  361  418  433  400  336  269  208  153  119  124  179  268  360  427  451 1048  433 2258  451  505  108 1721  116
        19   26   39   48   41   30   20   21   32   32   41   49   49   57   68   72   61   44   32   22   26   30   33   37        50        37        25        37
                                                                                                                                                                     
1
   TP: 1416      S.N.   3103   COMIN                 LAT.  31.31'   LON. 121.36'         2014.  LEV.  197  W.L.    0    H.G.Y.2008

         0    1    2    3    4    5    6    7    8    9   10   11   12   13   14   15   16   17   18   19   20   21   22   23 TIME   HT TIME   HT TIME   LT TIME   LT
+
       296  263  230  200  172  154  156  185  240  279  301  305  285  258  230  205  182  165  173  220  283  338  366  365 1033  306 2227  371  529  152 1713  164
  920  256  222  194  169  138  117  116  144  202  255  279  273  252  226  202  184  160  141  143  177  244  308  338  332 1017  280 2219  340  533  113 1723  140
        40   41   36   31   34   37   40   41   38   24   22   32   33   32   28   21   22   24   30   43   39   30   28   33        26        31        39        24
                                                                                                                                                                     
       336  299  258  220  185  153  139  154  214  287  335  352  341  301  264  231  201  176  161  172  253  331  397  414 1057  352            558  139 1822  159
  921  299  254  213  181  147  115   99  106  160  240  297  312  292  257  219  189  161  131  116  127  185  276  342  362 1056  312 2300  362  611   99 1804  116
        37   45   45   39   38   38   40   48   54   47   38   40   49   44   45   42   40   45   45   45   68   55   55   52        40      -362        40        43
                                                                                                                                                                     
       396  352  301  255  219  184  157  156  215  299  375  404  406  369  315  266  231  200  173  163  212  310  399  430 1136  412 2348  441  632  152 1851  163
  922  342  295  240  196  161  125   99   89  118  203  291  336  334  297  248  204  169  135  108   99  128  218  318  370 1127  341 2335  378  645   88 1844   97
        54   57   61   59   58   59   58   67   97   96   84   68   72   72   67   62   62   65   65   64   84   92   81   60        71        63        64        66
                                                                                                                                                                     
       438  397  351  298  249  211  176  162  174  264  365  419  429  403  354  291  237  194  156  125  115  189  303  378 1212  431            705  160 1948  114
  923  374  336  276  220  176  140  109   88   91  156  262  338  361  338  284  230  185  147  115   92   92  154  269  357 1159  361            720   86 1929   89
        64   61   75   78   73   71   67   74   83  108  103   81   68   65   70   61   52   47   41   33   23   35   34   21        70                  74        25
                                                                                                                                                                     
1
   TP: 1416      S.N.   6411   LUSI                  LAT.  32.08'   LON. 121.37'         2014.  LEV.   27  W.L.  420    H.G.Y.2009

         0    1    2    3    4    5    6    7    8    9   10   11   12   13   14   15   16   17   18   19   20   21   22   23 TIME   HT TIME   HT TIME   LT TIME   LT
+
       165   88    6  -68 -118 -124  -72   13  101  173  223  247  219  142   58  -14  -68  -83  -56   15  120  203  257  277 1102  247 2248  277  431 -128 1644  -84
  921  150   68  -19  -99 -147 -144  -92  -14   75  158  215  235  203  128   38  -47 -110 -124  -84   -7   85  171  226  241 1052  235 2248  242  425 -152 1645 -126
        15   20   25   31   29   20   20   27   26   15    8   12   16   14   20   33   42   41   28   22   35   32   31   36        12        35        24        42
                                                                                                                                                                     
       247  169   69  -17  -86 -121 -102  -24   89  183  250  279  268  215  128   32  -44  -94  -86  -23   81  187  257  296 1113  281 2308  297  509 -122 1720  -98
  922  208  129   30  -67 -148 -179 -146  -69   32  134  211  252  244  181   85  -15 -104 -153 -138  -68   32  140  223  263 1120  255 2319  265  459 -179 1715 -155
        39   40   39   50   62   58   44   45   57   49   39   27   24   34   43   47   60   59   52   45   49   47   34   33        26        32        57        57
                                                                                                                                                                     
       285  225  125   28  -61 -119 -130  -74   42  165  261  318  324  273  176   54  -46 -124 -149 -102    2  137  246  311 1140  328 2329  320  545 -133 1752 -150
  923  254  191   91  -18 -120 -187 -187 -123  -19   97  197  258  273  231  139   30  -76 -156 -176 -127  -30   90  199  266 1146  275 2348  284  530 -195 1747 -177
        31   34   34   46   59   68   57   49   61   68   64   60   51   42   37   24   30   32   27   25   32   47   47   45        53        36        62        27
                                                                                                                                                                     
       313  277  182   65  -49 -147 -184 -149  -52   93  233  322  350  319  232  108   -3 -107 -163 -153  -79   48  176  271 1156  351            603 -185 1820 -167
  924  283  244  152   39  -74 -170 -209 -173  -79   45  166  249  286  270  193   83  -32 -135 -192 -175  -96   23  151  246 1211  287            601 -209 1816 -195
        30   33   30   26   25   23   25   24   27   48   67   73   64   49   39   25   29   28   29   22   17   25   25   25        64                  24        28
                                                                                                                                                                     

