

1
        S.N. 72608      5611      7  25     WENZHOU2            Lon  12039   Lat  2802    Lev   237    JW   580    H.G.Y.1987


        0   1   2   3   4   5   6   7   8   9  10  11  12  13  14  15  16  17  18  19  20  21  22  23
+                                                                                                        H        H        L        L

  7   458 390 309 238 178 124  76  35 130 249 355 406 418 355 284 216 153 102  60  17  35 170 302 412 1135 427          0715  29 1945  -5
 25   480 411 323 249 189 137  99  73 150 283 393 447 445 380 299 228 170 118  84  41  69 192 334 441 1127 453          0645  70 1906  41
 18   -22 -21 -14 -11 -11 -13 -23 -38 -20 -34 -38 -41 -27 -25 -15 -12 -17 -16 -24 -24 -34 -22 -32 -29      -26               -41      -46
                                                                                                                                      MIN     

  7   463 431 347 273 206 150  97  55  60 194 308 399 438 407 332 260 196 139  89  44   9 125 248 368 0015 465 1210 441 0745  31 2005   8
 26   486 453 368 285 218 157 109  70  84 203 332 423 450 420 343 269 201 143  92  55  38 127 260 389 0004 486 1158 450 0713  68 1939  32
 19   -23 -22 -21 -12 -12  -7 -12 -15 -24  -9 -24 -24 -12 -13 -11  -9  -5  -4  -3 -11 -29  -2 -12 -21      -21       -9      -37      -24


  7   447 463 378 317 246 184 131  81  42 136 249 360 434 436 375 306 238 174 120  72  29  66 199 315 0050 466 1245 443 0815  37 2035  11
 27   462 469 406 323 244 180 119  75  45 116 248 365 431 432 378 303 235 170 109  63  31  70 194 317 0036 475 1231 438 0747  43 1957  31
 20   -15  -6 -28  -6   2   4  12   6  -3  20   1  -5   3   4  -3   3   3   4  11   9  -2  -4   5  -2       -9        5       -6      -20


  7   412 459 429 351 275 210 153 102  58  62 187 286 373 426 408 340 271 207 147  97  54  24 140 253 0115 461 1325 432 0845  37 2055  23
 28   420 456 428 350 274 200 140  84  42  47 161 282 383 422 401 332 266 200 139  81  43  36 132 254 0103 456 1309 423 0823  38 2033  26
 21    -8   3   1   1   1  10  13  18  16  15  26   4 -10   4   7   8   5   7   8  16  11 -12   8  -1        5        9       -1       -3
                                              MAX                                                                                             




         S.N. 74105      5611      7  26     SHACHENG            Lon  12025   Lat  2710    Lev   723    JW  1020    H.G.Y.1975


        0   1   2   3   4   5   6   7   8   9  10  11  12  13  14  15  16  17  18  19  20  21  22  23
+                                                                                                        H        H        L        L

  7   927 885 793 686 588 523 528 590 682 785 869 919 915 862 759 657 553 482 475 534 633 753 856 927 1120 925 2345 953 0530 519 1745 472
 26   953 899 805 699 599 532 525 583 681 787 874 924 926 874 779 669 567 491 472 522 623 744 855 930 1132 932 2359 957 0535 520 1746 470
 18   -26 -14 -12 -13 -11  -9   3   7   1  -2  -5  -5 -11 -12 -20 -12 -14  -9   3  12  10   9   1  -3       -7       -4       -1        2


  7   953 927 859 754 656 565 528 548 617 718 823 895 929 917 842 748 646 552 494 505 573 678 783 873 1215 931          0615 524 1830 487
 27   957 928 851 748 644 557 515 539 619 723 823 895 925 904 833 731 627 537 486 498 572 681 794 887 1205 925          0608 514 1818 483
 19    -4  -1   8   6  12   8  13   9  -2  -5   0   0   4  13   9  17  19  15   8   7   1  -3 -11 -14        6                10        4


  7   933 944 900 809 710 609 537 526 556 641 740 830 890 909 876 805 710 619 541 506 535 608 711 799 0045 948 1245 910 0645 525 1900 506
 28   938 939 886 795 692 596 525 510 558 649 753 842 898 910 871 789 690 596 523 498 535 620 726 826 0031 946 1244 912 0644 508 1854 498
 20    -5   5  14  14  18  13  12  16  -2  -8 -13 -12  -8  -1   5  16  20  23  18   8   0 -12 -15 -27        2       -2       17        8
                                                                          MAX                     MIN                                         

  7    --  --  --  --  --  --  --  --  --  --  --  --  --  --  --  --  --  --  --  --  --  --  --  --   --  --   --  --   --  --   --  --
 29   899 930 909 839 743 645 559 507 515 578 672 770 848 891 889 840 757 666 584 529 524 575 660 756 0105 930 1327 896 0722 503 1934 519
 21    --  --  --  --  --  --  --  --  --  --  --  --  --  --  --  --  --  --  --  --  --  --  --  --       --       --       --       --




1
        S.N. 73806      5611      7  25     BAIYANT             Lon  11927   Lat  2558    Lev   276    JW   548    H.G.Y.1976


        0   1   2   3   4   5   6   7   8   9  10  11  12  13  14  15  16  17  18  19  20  21  22  23
+                                                                                                        H        H        L        L

  7   401 441 425 370 287 217 155  91  64 124 218 312 391 423 410 363 287 215 147  78  30  40 182 286 0120 442 1315 425 0800  64 2030  15
 25   447 486 466 404 328 257 192 137 108 160 264 365 431 460 441 380 305 233 170 115  67  90 200 320 0110 486 1306 460 0751 107 2010  65
 18   -46 -45 -41 -34 -41 -40 -37 -46 -44 -36 -46 -53 -40 -37 -31 -17 -18 -18 -23 -37 -37 -50 -18 -34      -44      -35      -43      -50


  7   375 429 446 413 350 270 203 145  87  75 180 280 386 425 438 401 332 253 186 126  63  35 150 257 0155 447 1350 440 0845  68 2055  33
 26   410 466 482 437 361 282 214 154 103 100 194 310 398 444 456 418 347 267 197 138  88  60 135 267 0145 483 1344 458 0831  89 2046  57
 19   -35 -37 -36 -24 -11 -12 -11  -9 -16 -25 -14 -30 -12 -19 -18 -17 -15 -14 -11 -12 -25 -25  15 -10      -36      -18      -21      -24
                                                                                              MAX                                             

  7   360 425 453 442 378 305 236 169 119  77 118 217 314 386 428 428 389 320 245 180 120  68  63 175 0225 455 1435 436 0920  74 2140  46
 27   376 441 478 468 406 321 244 179 128  83 121 243 356 425 454 447 395 318 238 170 119  78  87 204 0217 480 1418 456 0902  83 2118  75
 20   -16 -16 -25 -26 -28 -16  -8 -10  -9  -6  -3 -26 -42 -39 -26 -19  -6   2   7  10   1 -10 -24 -29      -25      -20       -9      -29


  7   280 373 429 448 428 362 290 223 155 100  73 156 263 346 406 433 419 365 293 223 165 109  67 115 0300 448 1517 434 0955  71 2210  65
 28   333 421 463 479 446 374 287 214 155 110  84 162 292 393 443 457 431 373 294 217 153 112  87 140 0248 479 1451 457 0944  81 2149  86
 21   -53 -48 -34 -31 -18 -12   3   9   0 -10 -11  -6 -29 -47 -37 -24 -12  -8  -1   6  12  -3 -20 -25      -31      -23      -10      -21
      MIN                                                                                                                                     




         S.N. 74229      5611      7  25     CHONGWU             Lon  11856   Lat  2453    Lev   452    JW   780    H.G.Y.1976


        0   1   2   3   4   5   6   7   8   9  10  11  12  13  14  15  16  17  18  19  20  21  22  23
+                                                                                                        H        H        L        L

  7    --  --  --  --  --  --  --  --  --  --  --  --  --  --  --  --  --  --  --  --  --  --  --  -- 0035 664 1255 650 0650 258 1905 185
 25   651 689 662 578 470 368 290 254 275 353 462 570 651 682 647 553 431 316 228 183 195 268 383 507 0104 689 1258 682 0707 253 1917 180
 17    --  --  --  --  --  --  --  --  --  --  --  --  --  --  --  --  --  --  --  --  --  --  --  --      -25      -32        5        5
                                                                                                                    MIN                       

  7   591 654 667 625 525 415 324 271 250 302 397 505 598 650 655 607 499 384 282 224 197 241 330 448 0130 668 1330 664 0735 250 1935 197
 26   615 682 688 628 524 412 318 257 246 297 395 509 610 673 678 615 504 382 278 209 190 232 328 450 0135 693 1334 684 0740 243 1949 189
 18   -24 -28 -21  -3   1   3   6  14   4   5   2  -4 -12 -23 -23  -8  -5   2   4  15   7   9   2  -2      -25      -20        7        8


  7   557 644 676 656 578 476 365 294 254 273 343 442 542 622 653 636 560 449 340 257 210 218 277 379 0200 676 1415 655 0800 254 2020 205
 27   566 655 694 667 581 468 361 279 239 255 331 440 550 637 679 658 574 457 343 256 209 217 284 393 0205 695 1409 680 0812 237 2021 206
 19    -9 -11 -18 -11  -3   8   4  15  15  18  12   2  -8 -15 -26 -22 -14  -8  -3   1   1   1  -7 -14      -19      -25       17       -1
                                          MAX                                                                                                 

  7   494 593 656 666 620 534 424 324 262 250 268 363 473 565 625 647 608 525 411 331 259 220 244 329 0220 667 1445 647 0830 250 2105 218
 28   511 612 678 686 630 527 414 318 253 236 277 369 479 579 650 669 626 530 417 319 250 225 257 340 0237 691 1448 670 0847 234 2056 225
 20   -17 -19 -22 -20 -10   7  10   6   9  14  -9  -6  -6 -14 -25 -22 -18  -5  -6  12   9  -5 -13 -11      -24      -23       16       -7




1
        S.N.   442      5611      7  25     XIAMEN              Lon  11804   Lat  2427    Lev   358    JW   700    H.G.Y.1958


        0   1   2   3   4   5   6   7   8   9  10  11  12  13  14  15  16  17  18  19  20  21  22  23
+                                                                                                        H        H        L        L

  7   423 511 563 537 437 317 237 193 180 208 281 364 435 509 535 504 395 274 184 122 107 132 205 296 0215 564 1405 535 0755 180 2010 106
 25   459 544 585 550 448 335 256 211 198 230 303 390 473 537 560 516 413 294 202 143 120 147 220 313 0202 585 1350 561 0747 197 1957 120
 18   -36 -33 -22 -13 -11 -18 -19 -18 -18 -22 -22 -26 -38 -28 -25 -12 -18 -20 -18 -21 -13 -15 -15 -17      -21      -26      -17      -14
                                                      MIN                                                                                     

  7   390 483 553 561 489 357 264 204 180 187 241 328 417 491 541 543 469 343 234 164 125 121 171 265 0235 564 1435 551 0825 179 2045 121
 26   409 500 568 575 500 381 278 217 187 194 247 330 418 496 548 547 474 356 245 170 130 130 178 264 0234 582 1427 554 0819 185 2030 124
 19   -19 -17 -15 -14 -11 -24 -14 -13  -7  -7  -6  -2  -1  -5  -7  -4  -5 -13 -11  -6  -5  -9  -7   1      -18       -3       -6       -3


  7   356 449 530 572 542 441 321 238 189 177 203 280 363 443 511 545 515 416 299 205 145 120 138 209 0310 573 1505 545 0900 177 2115 120
 27   359 452 532 574 542 438 317 232 187 172 199 269 357 442 513 548 520 425 304 209 154 133 154 219 0304 574 1503 548 0851 171 2100 133
 20    -3  -3  -2  -2   0   3   4   6   2   5   4  11   6   1  -2  -3  -5  -9  -5  -4  -9 -13 -16 -10       -1       -3        6      -13
                                                  MAX                                                                                         

  7   298 390 483 546 560 489 379 273 203 168 169 217 298 373 451 513 529 481 367 262 196 156 146 187 0345 563 1545 531 0935 162 2145 146
 28   311 405 490 551 561 495 377 266 199 167 168 214 294 382 463 523 538 487 381 269 192 155 153 190 0337 566 1543 541 0927 163 2134 149
 21   -13 -15  -7  -5  -1  -6   2   7   4   1   1   3   4  -9 -12 -10  -9  -6 -14  -7   4   1  -7  -3       -3      -10       -1       -3


