

1
        S.N.   120      5612      8   1     HULUDAO             Lon  12100   Lat  4043    Lev   162    JW   405    H.G.Y.1975


        0   1   2   3   4   5   6   7   8   9  10  11  12  13  14  15  16  17  18  19  20  21  22  23
+                                                                                                        H        H        L        L

  8   257 223 177 133  97  83  93 128 175 235 298 345 363 348 310 262 213 177 154 149 160 186 217 246   --  --   --  --   --  --   --  --
  1   250 218 173 126  90  73  79 109 158 214 265 300 314 304 274 231 185 147 127 126 141 165 193 216 1204 314          0514  72 1833 124
 25     7   5   4   7   7  10  14  19  17  21  33  45  49  44  36  31  28  30  27  23  19  21  24  30       --       --       --       --


  8   262 257 230 190 151 118 106 115 148 195 255 318 369 390 384 348 300 252 207 176 160 161 175 200   --  --   --  --   --  --   --  --
  2   226 218 192 155 116  85  71  79 109 158 214 265 302 318 313 287 246 200 160 134 124 129 145 167 0003 227 1315 319 0609  71 2009 124
 26    36  39  38  35  35  33  35  36  39  37  41  53  67  72  71  61  54  52  47  42  36  32  30  33       --       --       --       --


  8   226 241 237 217 185 147 119 108 124 162 217 280 353 402 424 414 375 324 267 210 167 141 128 133   --  --   --  --   --  --   --  --
  3   188 201 199 181 151 117  87  72  77 106 154 211 265 306 328 328 305 264 215 170 137 119 116 127 0121 202 1429 331 0714  71 2143 115
 27    38  40  38  36  34  30  32  36  47  56  63  69  88  96  96  86  70  60  52  40  30  22  12   6       --       --       --       --
                                                          MAX                                                                                 

  8   157 184 207 222 216 193 163 129 108 107 135 178 235 298 352 383 378 344 287 226 174 133 107 102   --  --   --  --   --  --   --  --
  4   148 172 191 196 184 158 124  91  71  74 102 150 210 268 316 343 346 322 277 223 172 133 109 103 0248 196 1535 348 0823  70 2251 103
 28     9  12  16  26  32  35  39  38  37  33  33  28  25  30  36  40  32  22  10   3   2   0  -2  -1       --       --       --       --
                                                                                              MIN                                             



1
        S.N.   122      5612      8   1     QINHUANG            Lon  11937   Lat  3955    Lev    89    JW   220    H.G.Y.1975


        0   1   2   3   4   5   6   7   8   9  10  11  12  13  14  15  16  17  18  19  20  21  22  23
+                                                                                                        H        H        L        L

  8   104 112 119 122 122 122 132 139 139 143 144 150 166 179 192 198 197 181 182 175 166 146 130 116 0000 100 1500 194                  
  1    84  88  94  97  96  96 101 109 112 112 113 120 133 147 159 163 160 154 146 138 124 106  89  77 0311  97 1506 163 0432  95         
 25    20  24  25  25  26  26  31  30  27  31  31  30  33  32  33  35  37  27  36  37  42  40  41  39        3       31                  
                                                                                                           MIN                                

  8   108 110 114 118 123 130 134 148 157 164 171 175  --  --  --  --  --  --  --  --  --  --  --  --   --  --   --  --   --  --   --  --
  2    69  66  68  73  77  80  85  94 106 113 117 121 130 145 159 168 169 165 156 145 132 117 101  85 1545 169          0105  66         
 26    39  44  46  45  46  50  49  54  51  51  54  54  --  --  --  --  --  --  --  --  --  --  --  --       --       --       --       --


  8    --  --  --  --  --  --  --  --  --  --  --  --  --  --  --  -- 244 244 236 218 197 179 161 144 1600 244                           
  3    70  59  53  53  58  65  72  82  95 110 121 127 132 142 156 169 176 176 171 160 145 131 117 103 1632 177          0231  53         
 27    --  --  --  --  --  --  --  --  --  --  --  --  --  --  --  --  68  68  65  58  52  48  44  41       67                           
                                                                      MAX                                                                     

  8   124 105  90  79  77  86 102 116 133 146 163 170 171 170 172 179 188 194 198 190 174 158 140 132 1800 194          0400  74         
  4    87  70  55  46  45  51  61  73  85 101 119 132 138 142 151 164 176 182 181 175 162 145 131 121 1729 182          0341  44         
 28    37  35  35  33  32  35  41  43  48  45  44  38  33  28  21  15  12  12  17  15  12  13   9  11       12                30         





         S.N.     0      5612      7  31     LIUMI               Lon  11744   Lat  3859    Lev   257    JW   470    H.G.Y.1955


        0   1   2   3   4   5   6   7   8   9  10  11  12  13  14  15  16  17  18  19  20  21  22  23
+                                                                                                        H        H        L        L

  7   239 188 149 126 150 220 286 354 390 399 349 310 267 227 192 178 190 241 318 389 427 428 400 360 0815 390 2030 430 0255 126 1500 178
 31   254 199 158 146 176 241 315 373 400 392 363 327 285 245 213 200 221 277 348 408 439 432 395 345 0816 401 2018 441 0247 145 1453 200
 23   -15 -11  -9 -20 -26 -21 -29 -19 -10   7 -14 -17 -18 -18 -21 -22 -31 -36 -30 -19 -12  -4   5  15      -11      -11      -19      -22


  8   304 247 194 151 140 165 235 302 360 387 387 367 332 300 259 238 229 254 305 371 426 442 432 400 0930 338 2115 443 0340 140 1550 228
  1   289 233 183 148 143 177 239 307 361 384 378 355 325 291 257 232 224 247 297 356 405 426 414 377 0917 386 2107 427 0338 140 1545 223
 24    15  14  11   3  -3 -12  -4  -5  -1   3   9  12   7   9   2   6   5   7   8  15  21  16  18  23      -48       16        0        5
                                                                                                                                           

  8   351 294 230 190 153 147 180 248 317 386 419 422 410 384 355 321 292 281 298 331 390 442 452 448 1050 422 2235 456 0440 144 1725 272
  2   331 278 226 180 147 141 170 224 287 340 369 372 360 338 309 281 257 248 264 302 350 392 412 403 1043 373 2210 413 0439 139 1651 248
 25    20  16   4  10   6   6  10  24  30  46  50  50  50  46  46  40  35  33  34  29  40  50  40  45       49       43        5       24


  8   452 370 320 268 246 228 236 264 312 396 460 493 480 470 440 411 385 355 336 336 370 412 452 463 1110 494 2300 463 0530 221 1830 334
  3   374 333 284 234 188 151 138 156 200 262 322 362 380 379 363 337 308 281 265 269 294 335 379 404 1228 382 2331 407 0555 138 1818 264
 26    78  37  36  34  58  77  98 108 112 134 138 131 100  91  77  74  77  74  71  67  76  77  73  59      112       56       83       70
                                              MAX                                                                                             




         S.N. 37950      5612      8   2     YANGJIAO            Lon  11852   Lat  3716    Lev   321    JW   550    H.G.Y.1952


        0   1   2   3   4   5   6   7   8   9  10  11  12  13  14  15  16  17  18  19  20  21  22  23
+                                                                                                        H        H        L        L

  8   326 306 317 350 372 383 382 370 354 344 340 332 324 319 337 372 399 422 438 449 454 457 456 455 0530 385 2045 457 0115 303 1230 318
  2   312 310 326 347 359 356 343 325 306 291 282 279 282 291 310 338 366 388 399 402 399 390 378 362 0418 360 1856 402 0036 309 1059 279
 25    14  -4  -9   3  13  27  39  45  48  53  58  53  42  28  27  34  33  34  39  47  55  67  78  93       25       55       -6       39


  8   449 441 438 430 422 416 412 408 399 386 369 357 351 350 345 368 393 413 430 440 447 453 453 446          2100 453          1400 345
  3   342 324 318 324 335 341 338 328 313 298 286 282 284 288 295 309 332 360 385 401 410 412 409 398 0508 341 2057 412 0159 318 1112 282
 26   107 117 120 106  87  75  74  80  86  88  83  75  67  62  50  59  61  53  45  39  37  41  44  48                41                63
              MAX                                                                                                                             

  8   437 427 410 387 366 356 351 343 328 313 299 292 292 298 293 281 280 304 342 372 396 412 423 427          2245 427          1530 275
  4   378 354 332 320 316 320 324 325 320 309 296 287 286 290 293 295 302 322 352 380 401 415 423 423 0640 325 2228 424 0400 316 1143 286
 27    59  73  78  67  50  36  27  18   8   4   3   5   6   8   0 -14 -22 -18 -10  -8  -5  -3   0   4                 3               -11


  8   418 399 372 344 318 296 282 298 320 323 315 297 290 287 282 272 259 252 267 300 343 377 399 413 0840 323          0615 280 1700 252
  5   410 386 359 336 318 307 306 313 321 321 312 299 291 292 296 296 291 294 314 347 378 400 418 430 0829 322 1428 297 0535 305 1225 290
 28     8  13  13   8   0 -11 -24 -15  -1   2   3  -2  -1  -5 -14 -24 -32 -42 -47 -47 -35 -23 -19 -17        1               -25      -38
                                                                              MIN                                                             




1
        S.N.     0      5612      8   1     QINGDAOJ            Lon  12019   Lat  3605    Lev   242    JW   525    H.G.Y.1979


        0   1   2   3   4   5   6   7   8   9  10  11  12  13  14  15  16  17  18  19  20  21  22  23
+                                                                                                        H        H        L        L

  8   339 305 268 232 201 186 203 247 304 351 378 383 367 337 295 243 196 165 154 174 221 283 339 378 1050 384          0500 185 1750 153
  1   338 310 276 235 197 179 191 229 282 334 368 376 358 327 287 239 188 148 134 151 194 253 310 350 1047 376          0506 179 1757 134
 25     1  -5  -8  -3   4   7  12  18  22  17  10   7   9  10   8   4   8  17  20  23  27  30  29  28        8                 6       19


  8   392 381 354 325 291 258 242 255 302 351 394 414 409 386 364 358 317 236 193 193 194 211 257 341 0010 394 1130 424 0618 238 1909 186
  2   365 359 339 306 264 224 201 203 230 277 327 364 377 368 339 296 243 188 144 121 129 169 230 296 0014 366 1204 378 0625 199 1914 120
 26    27  22  15  19  27  34  41  52  72  74  67  50  32  18  25  62  74  48  49  72  65  42  27  45       28       46       39       66
                                          MAX                                                                                                 

  8   410 445 434 409 380 341 296 252 233 257 308 361 401 410 390 355 308 254 190 128  93  99 149 228 0114 450 1245 415 0753 230 2024  90
  3   349 380 385 367 332 287 244 211 201 220 265 318 362 386 382 351 301 242 184 134 102 103 142 211 0144 386 1321 387 0750 201 2028  98
 27    61  65  49  42  48  54  52  41  32  37  43  43  39  24   8   4   7  12   6  -6  -9  -4   7  17       64       28       29       -8


  8   317 398 440 437 397 353 311 261 207 179 197 250 316 372 403 397 356 294 226 161  97  51  50 100 0225 446 1426 406 0905 178 2130  44
  4   289 357 401 411 389 348 300 251 209 189 206 253 315 370 402 400 361 301 237 176 119  80  78 123 0249 412 1425 405 0902 189 2131  73
 28    28  41  39  26   8   5  11  10  -2 -10  -9  -3   1   2   1  -3  -5  -7 -11 -15 -22 -29 -28 -23       34        1      -11      -29
                                                                                          MIN                                                 



1
        S.N.  6452      5612      8   2     LIANYUNG            Lon  11926   Lat  3445    Lev   293    JW   630    H.G.Y.1955


        0   1   2   3   4   5   6   7   8   9  10  11  12  13  14  15  16  17  18  19  20  21  22  23
+                                                                                                        H        H        L        L

  8   452 481 494 479 428 358 300 252 236 258 324 399 454 487 478 439 388 330 260 198 161 163 212 297   --  --   --  --   --  --   --  --
  2   411 451 456 432 387 332 278 238 225 246 300 371 435 469 466 433 380 317 251 194 155 145 171 233 0140 458 1325 472 0752 225 2047 144
 26    41  30  38  47  41  26  22  14  11  12  24  28  19  18  12   6   8  13   9   4   6  18  41  64       --       --       --       --


  8   350 450 505 545 545 500 425 360 305 270 275 315 385 430 495 490 460 398 327 245 188 138 109 142 0315 555 1415 500 0900 272 2145 109
  3   320 403 457 474 457 416 358 296 247 223 234 281 354 427 473 478 448 394 324 249 182 137 120 141 0300 474 1438 481 0911 223 2156 120
 27    30  47  48  71  88  84  67  64  58  47  41  34  31   3  22  12  12   4   3  -4   6   1 -11   1       81       19       49      -11
                      MAX                                                                                                                     

  8   255 368 449 520 552 530 469 398 305 242 202 204 252 348 443 490 490 456 398 305 220 157  98  70 0400 552 1515 495 1015 198 2245  70
  4   206 305 405 474 500 487 443 376 302 242 210 213 259 341 431 490 500 468 406 325 238 164 113  93 0410 500 1543 501 1024 206 2300  93
 28    49  63  44  46  52  43  26  22   3   0  -8  -9  -7   7  12   0 -10 -12  -8 -20 -18  -7 -15 -23       52       -6       -8      -23


  8    92 178 315 449 520 542 510 458 375 279 200 160 171 230 345 450 515 508 463 394 302 219 132  70 0445 542 1615 520 1100 160 2330  53
  5   113 187 304 422 501 530 514 460 379 294 225 187 187 240 340 449 517 525 484 411 316 220 141  89 0508 530 1639 527 1129 182 2357  67
 29   -21  -9  11  27  19  12  -4  -2  -4 -15 -25 -27 -16 -10   5   1  -2 -17 -21 -17 -14  -1  -9 -19       12       -7      -22      -14
                                                  MIN                                                                                         





         S.N. 54727      5612      8   1     YANWEI              Lon  11947   Lat  3429    Lev    72    JW   330    H.G.Y.1987


        0   1   2   3   4   5   6   7   8   9  10  11  12  13  14  15  16  17  18  19  20  21  22  23
+                                                                                                        H        H        L        L

  8   214 218 188 148 102  47   9  -2  17  66 140 198 232 238 220 174 131  81  30  -5 -20   3  40 134 0030 220 1230 240 0645  -2 1945 -20
  1   214 222 200 153  99  48   8 -13  -7  31 105 184 232 240 215 166 107  49  -4 -47 -69 -63 -17  61 0046 223 1243 241 0717 -14 2016 -70
 24     0  -4 -12  -5   3  -1   1  11  24  35  35  14   0  -2   5   8  24  32  34  42  49  66  57  73       -3       -1       12       50


  8   204 242 274 262 234 192 155 142 110 110 160 232 270 284 290 274 234 200 159  85  25  -5 -15  -5 0200 274 1330 290 0840  95 2130 -15
  2   146 205 228 214 173 121  70  26  -1  -5  23  87 164 221 239 219 173 113  48 -11 -58 -85 -85 -47 0207 229 1358 239 0837  -8 2130 -90
 25    58  37  46  48  61  71  85 116 111 115 137 145 106  63  51  55  61  87 111  96  83  80  70  42       45       51      103       75
                                                  MAX                                                                                         

  8    60 155 242 294 292 266 203 135  80  41  22  25  93 169 216 246 218 174 125  63 -23 -70-110-128 0300 294 1445 246 1015  15 2245-128
  3    30 128 208 247 242 205 152  95  43   2 -13   5  65 148 219 249 236 191 124  51 -15 -66 -98-105 0323 250 1512 250 0957 -13 2241-106
 26    30  27  34  47  50  61  51  40  37  39  35  20  28  21  -3  -3 -18 -17   1  12  -8  -4 -12 -23       44       -4       28      -22


  8  -111   3 129 240 292 300 262 199 124  54   2 -18 -11  52 137 222 254 238 185 120  44 -28 -79-118 0430 304 1600 254 1100 -18 2400-143
  4   -74   5 119 220 274 275 237 179 113  49  -2 -26 -13  45 139 228 270 259 208 131  50 -21 -74-106 0431 279 1617 272 1108 -27 2352-119
 27   -37  -2  10  20  18  25  25  20  11   5   4   8   2   7  -2  -6 -16 -21 -23 -11  -6  -7  -5 -12       25      -18        9      -24
      MIN                                                                                                                                     



1
        S.N. 69850      5612      7  31     WUSONG              Lon  12130   Lat  3124    Lev   207    JW   490    H.G.Y.1974


        0   1   2   3   4   5   6   7   8   9  10  11  12  13  14  15  16  17  18  19  20  21  22  23
+                                                                                                        H        H        L        L

  7   146 162 222 274 310 314 294 264 224 190 158 135 128 135 186 261 318 344 344 321 284 252 225 205 0440 317 1730 347 1210 128         
 31   156 165 209 268 301 315 295 264 223 187 159 142 133 136 170 232 280 319 326 307 277 241 211 187 0455 315 1745 327 1214 133         
 24   -10  -3  13   6   9  -1  -1   0   1   3  -1  -7  -5  -1  16  29  38  25  18  14   7  11  14  18        2       20       -5         


  8   191 191 213 249 291 319 316 299 283 246 214 198 196 204 234 264 323 378 417 417 409 391 369 346 0510 319 1840 421 0040 188 1130 193
  1   172 165 173 206 241 270 282 266 244 212 182 160 148 141 147 178 221 266 311 322 312 290 260 229 0555 283 1901 322 0058 165 1302 141
 25    19  26  40  43  50  49  34  33  39  34  32  38  48  63  87  86 102 112 106  95  97 101 109 117       36       99       23       52


  8   340 339 360 376 399 414 440 415 369 339 309 287 252 231 221 225 248 283 329 371 398 390 364 334 0554 441 2020 401 0020 333 1420 221
  2   204 184 170 169 183 206 238 255 253 243 218 192 171 159 148 152 167 199 250 306 330 333 317 288 0721 257 2038 334 0233 168 1415 147
 26   136 155 190 207 216 208 202 160 116  96  91  95  81  72  73  73  81  84  79  65  68  57  47  46      184       67      165       74
                      MAX                                                                                                                     

  8   298 258 222 191 168 165 189 228 266 275 264 241 208 173 145 123 118 151 213 281 326 347 342 318 0850 275 2115 347 0435 163 1535 114
  3   253 222 193 170 155 155 175 213 245 261 261 238 211 187 168 152 146 149 178 238 312 352 366 351 0928 263 2159 366 0429 153 1609 146
 27    45  36  29  21  13  10  14  15  21  14   3   3  -3 -14 -23 -29 -28   2  35  43  14  -5 -24 -33       12      -19       10      -32
                                                                                                  MIN                                         




         S.N. 69853      5612      7  31     GAOQIAO             Lon  12136   Lat  3123    Lev   205    JW   490    H.G.Y.1987


        0   1   2   3   4   5   6   7   8   9  10  11  12  13  14  15  16  17  18  19  20  21  22  23
+                                                                                                        H        H        L        L

  7   140 174 236 289 315 314 289 254 213 177 146 125 121 144 203 277 326 350 339 315 276 243 218 194 0416 319 1652 350 1154 121         
 31   147 164 226 281 314 319 293 253 203 170 138 123 120 133 184 246 296 335 330 308 267 235 200 176 0439 321 1723 338 1142 119         
 23    -7  10  10   8   1  -5  -4   1  10   7   8   2   1  11  19  31  30  15   9   7   9   8  18  18       -2       12        2         


  8   185 192 221 260 308 324 317 286 271 232 205 186 178 206 237 286 330 385 420 405 395 385 365 340 0504 325 1745 420 0007 184 1200 178
  1   162 153 170 209 243 277 279 264 231 195 167 142 131 128 144 182 224 280 318 325 312 282 251 217 0536 280 1850 325 0051 153 1240 127
 24    23  39  51  51  65  47  38  22  40  37  38  44  47  78  93 104 106 105 102  80  83 103 114 123       45       95       31       51


  8   320 315 355 380 410 430 440 410 355 315 285 260 220 203 202 240 260 290 325 370 392 381 353 320 0530 440 1941 392 0042 310 1245 200
  2   190 167 150 155 171 203 237 252 253 233 204 178 155 140 132 140 158 198 259 310 335 334 311 278 0731 255 2027 337 0216 149 1358 132
 25   130 148 205 225 239 227 203 158 102  82  81  82  65  63  70 100 102  92  66  60  57  47  42  42      185       55      161       68
                      MAX                                                                                                                     

  8   280 241 210 210 220 230 245 259 270 274 257 230 200 164 129 106 110 166 226 288 328 353 342 317 0847 274 2115 355 0220 200 1517 104
  3   240 202 166 140 128 135 166 210 249 264 255 227 199 169 145 129 123 132 174 244 320 358 370 346 0907 264 2149 371 0408 128 1552 123
 26    40  39  44  70  92  95  79  49  21  10   2   3   1  -5 -16 -23 -13  34  52  44   8  -5 -28 -29       10      -16       72      -19
                                                                                                  MIN                                         



1
        S.N.     0      5612      7  30     HUANGPUG            Lon  12129   Lat  3115    Lev   213    JW   455    H.G.Y.1984


        0   1   2   3   4   5   6   7   8   9  10  11  12  13  14  15  16  17  18  19  20  21  22  23
+                                                                                                        H        H        L        L

  7   164 176 240 301 337 344 326 285 241 213 186 165 155 150 178 259 311 338 338 312 270 239 217 194 0440 345 1730 340 1300 153 0010 164
 30   167 176 221 301 336 341 316 275 225 195 165 151 146 151 180 254 310 338 337 308 264 232 205 184 0440 343 1727 341 1159 146         
 23    -3   0  19   0   1   3  10  10  16  18  21  14   9  -1  -2   5   1   0   1   4   6   7  12  10        2       -1        7         
      MIN                                                                                                                                     

  7   180 178 195 251 299 344 320 295 260 228 201 180 168 163 171 225 290 330 350 341 313 279 255 238 0530 324 1810 350 0040 177 1310 163
 31   178 177 190 237 288 310 312 287 250 211 184 160 153 150 161 199 257 299 331 329 303 267 239 212 0534 315 1825 334 0035 176 1242 150
 24     2   1   5  14  11  34   8   8  10  17  17  20  15  13  10  26  33  31  19  12  10  12  16  26        9       16        1       13


  8   220 213 218 245 278 312 326 322 295 281 250 227 218 218 230 270 300 330 290 412 405 393 382 365 0600 325 1915 411 0120 214 1220 215
  1   195 186 181 193 225 254 278 282 264 238 207 181 163 158 154 168 199 237 282 323 325 308 281 254 0641 283 1936 326 0146 181 1341 154
 25    25  27  37  52  53  58  48  40  31  43  43  46  55  60  76 102 101  93   8  89  80  85 101 111       42       85       33       61


  8   343 331 335 346 370 388 415 417 392 356 331 307 390 266 248 239 243 267 299 337 376 393 378 351 0630 420 2100 391 0120 330 1530 238
  2   226 206 190 180 183 195 217 249 262 258 244 214 189 173 163 158 168 183 213 267 321 332 329 305 0816 263 2116 332 0317 180 1449 158
 26   117 125 145 166 187 193 198 168 130  98  87  93 201  93  85  81  75  84  86  70  55  61  49  46      157       59      150       80
                                                      MAX                                                                                     




         S.N. 71021      5612      7  31     ZHAPU               Lon  12105   Lat  3036    Lev   216    JW   610    H.G.Y.1955


        0   1   2   3   4   5   6   7   8   9  10  11  12  13  14  15  16  17  18  19  20  21  22  23
+                                                                                                        H        H        L        L

  7    47  95 197 313 386 421 419 376 301 213 137  78  15  20 168 268 375 432 465 455 395 318 255 210 0525 426 1805 466 1230   9 0010  47
 31    36  71 184 295 370 408 404 350 273 195 119  52   3   9 102 220 321 410 450 429 368 295 214 145 0525 411 1809 451 1223  -1         
 23    11  24  13  18  16  13  15  26  28  18  18  26  12  11  66  48  54  22  15  26  27  23  41  65       15       15       10         


  8   120 102 163 261 358 415 442 431 398 311 238 159 106 105 150 247 350 458 531 562 559 544 475 428 0620 443 1905 562 1320  99 0100 102
  1    92  69 106 193 277 342 376 374 324 257 189 125  66  23  38 117 213 319 408 446 432 382 315 243 0626 379 1913 448 0052  69 1314  21
 24    28  33  57  68  81  73  66  57  74  54  49  34  40  82 112 130 137 139 123 116 127 162 160 185       64      114       30       81


  8   394 386 430 499 570 645 655 510 442 375 292 199 124  67  35  60 148 275 384 462 505 512 470 412 0600 655 2055 513 0130 383 1425  30
  2   178 121  89 106 163 233 296 342 352 319 265 207 147  86  39  42  93 182 297 396 446 450 412 353 0744 354 2035 453 0209  88 1426  34
 25   216 265 341 393 407 412 359 168  90  56  27  -8 -23 -19  -4  18  55  93  87  66  59  62  58  59      301       60      295       -4
                          MAX                                                                                                                 

  8   331 235 144  95  53  70 148 242 304 348 356 324 262 179  95  32 -20   1 152 278 390 459 476 470 0950 358 2230 481 0420  50 1620 -21
  3   282 208 138  86  76 114 175 251 319 352 338 296 240 173 102  43  20  51 140 270 390 460 481 454 0912 353 2155 481 0342  74 1555  20
 26    49  27   6   9 -23 -44 -27  -9 -15  -4  18  28  22   6  -7 -11 -40 -50  12   8   0  -1  -5  16        5        0      -24      -41
                                                                          MIN                                                                 



1
        S.N. 71019      5612      7  30     GANPU               Lon  12053   Lat  3023    Lev   207    JW   690    H.G.Y.1975


        0   1   2   3   4   5   6   7   8   9  10  11  12  13  14  15  16  17  18  19  20  21  22  23
+                                                                                                        H        H        L        L

  7   -36  26 204 345 459 506 491 422 302 179  67 -14 -55 -50  82 262 388 480 503 471 385 268 159  75 0520 509 1800 503 1230 -61 0000 -36
 30   -48   7 168 340 446 487 476 400 270 127   2 -69 -82 -53  65 244 380 459 483 444 348 226  91   1 0517 489 1752 483 1148 -82         
 23    12  19  36   5  13  19  15  22  32  52  65  55  27   3  17  18   8  21  20  27  37  42  68  74       20       20       21         


  7    20  16  89 251 366 448 477 448 374 266 157  66   3 -28  22 172 325 445 507 518 473 383 280 181 0605 477 1845 522 0050   7 1305 -28
 31   -28 -13  63 211 344 433 455 426 339 224  97  -7 -60 -62 -11 120 270 395 471 482 430 346 232 110 0556 455 1840 485 0009 -29 1231 -67
 24    48  29  26  40  22  15  22  22  35  42  60  73  63  34  33  52  55  50  36  36  43  37  48  71       22       37       36       39


  8   112  69  88 195 321 426 486 504 463 388 274 184 112  76  86 177 315 443 546 613 632 610 560 490 0650 507 2016 635 0115  64 1330  69
  1    32   3  19  92 200 311 394 415 385 309 216 106  16 -36 -39  18 129 253 386 470 483 443 378 274 0654 415 1944 485 0108   2 1333 -45
 25    80  66  69 103 121 115  92  89  78  79  58  78  96 112 125 159 186 190 160 143 149 167 182 216       92      150       62      114


  8   436 413 467 535 605 650 654 579 493 377 297 216 111  41  13  66  76 223 348 451 520 542 505 458 0530 659 2050 545 0106 413 1450   1
  2   161  77  32  32  73 145 250 340 378 367 317 245 150  58  -9 -25  13  90 205 359 461 493 480 434 0816 380 2112 494 0229  26 1447 -27
 26   275 336 435 503 532 505 404 239 115  10 -20 -29 -39 -17  22  91  63 133 143  92  59  49  25  24      279       51      387       28
                      MAX                             MIN                                                                                     





1
        S.N. 72195      5612      7  31     ZHENHAIS            Lon  12143   Lat  2957    Lev   209    JW   420    H.G.Y.1960


        0   1   2   3   4   5   6   7   8   9  10  11  12  13  14  15  16  17  18  19  20  21  22  23
+                                                                                                        H        H        L        L

  7   207 241 264 277 289 278 256 223 195 162 138 140 166 210 245 272 299 314 310 292 274 259 231 221 0414 289 1730 315 1035 135 2240 220
 31   204 236 257 269 275 266 238 205 172 139 117 116 138 176 214 244 270 285 280 263 243 218 195 184 0353 275 1715 286 1032 113 2314 184
 24     3   5   7   8  14  12  18  18  23  23  21  24  28  34  31  28  29  29  30  29  31  41  36  37       14       29       22       36


  8   232 245 268 289 303 308 306 280 261 246 225 203 203 234 279 317 347 390 415 426 436 425 420 412 0450 309 1945 443 1155 199         
  1   188 206 228 243 253 257 246 222 195 165 135 116 114 133 170 209 243 273 291 292 282 264 237 212 0445 257 1834 293 1135 112         
 25    44  39  40  46  50  51  60  58  66  81  90  87  89 101 109 108 104 117 124 134 154 161 183 200       52      150       87         


  8   411 427 449 416 329 344 374 347 277 246 240 180 137 114 128 165 203 233 270 309 328 330 312 288 0230 459 2105 330 2310 410 1300 114
  2   194 186 194 211 224 236 242 235 218 194 162 133 112 103 119 156 199 240 277 300 308 303 283 252 0557 242 2007 308 0058 186 1251 103
 26   217 241 255 205 105 108 132 112  59  52  78  47  25  11   9   9   4  -7  -7   9  20  27  29  36      217       22      224       11
              MAX                                                                                                                             

  8   248 221 197 185 187 192 209 213 220 215 195 165 138 121 102 111 140 194 231 262 306 329 322 295 0805 221 2120 331 0335 181 1405 101
  3   221 191 172 175 190 207 225 236 233 221 197 163 130 102  87 100 140 189 240 283 310 324 321 296 0719 237 2119 324 0222 171 1402  87
 27    27  30  25  10  -3 -15 -16 -23 -13  -6  -2   2   8  19  15  11   0   5  -9 -21  -4   5   1  -1      -16        7       10       14
                                  MIN                                                                                                         




1
        S.N. 72452      5612      7  31     HAIMENZ             Lon  12127   Lat  2841    Lev   214    JW   560    H.G.Y.1965


        0   1   2   3   4   5   6   7   8   9  10  11  12  13  14  15  16  17  18  19  20  21  22  23
+                                                                                                        H        H        L        L

  7   316 374 393 360 297 220 150  96  57  36  87 158 244 319 372 386 358 301 234 171 132 118 149 218 0140 395 1515 387 0905  33 2105 117
 31   313 374 388 345 274 200 132  77  40  21  67 136 209 293 353 361 318 255 189 126  82  61  95 168 0144 389 1439 364 0847  20 2053  60
 24     3   0   5  15  23  20  18  19  17  15  20  22  35  26  19  25  40  46  45  45  50  57  54  50        6       23       13       57


  8   291 355 398 411 395 346 269 186 130 110  84 128 202 268 371 414 472 489 425 348 274 247 230 206 0310 412 1700 489 1000  84 2500 115
  1   235 307 357 365 327 262 192 126  74  35  22  58 110 185 269 336 359 331 273 209 146 102  78 100 0240 367 1556 359 0946  21 2200  78
 25    56  48  41  46  68  84  77  60  56  75  62  70  92  83 102  78 113 158 152 139 128 145 152 106       45      130       63       37
                                                                          MAX                                                                 

  8   150 185 200 319 417 409 313 224 171 141  87  59  45  97 179 269 351 382 389 346 273 202 160 134 0425 427 1810 390 1210  45 2420  95
  2   146 210 280 334 353 330 272 205 135  80  34  15  29  74 148 240 325 372 359 309 241 174 121  87 0357 353 1717 374 1105  15 2341  79
 26     4 -25 -80 -15  64  79  41  19  36  61  53  44  16  23  31  29  26  10  30  37  32  28  39  47       74       16       30       16
              MIN                                                                                                                             

  8    97 123 209 292 337 363 380 323 249 164  94  38  -8 -24  33 145 256 363 422 426 379 300 207 131 0600 380 1830 433 1310 -25         
  3    80 108 172 250 319 357 351 301 232 154  89  37   2   0  36 110 217 324 397 400 354 275 198 135 0521 360 1834 405 1235  -4         
 27    17  15  37  42  18   6  29  22  17  10   5   1 -10 -24  -3  35  39  39  25  26  25  25   9  -4       20       28      -21         




         S.N. 72608      5612      7  30     WENZHOU2            Lon  12039   Lat  2802    Lev   237    JW   580    H.G.Y.1987


        0   1   2   3   4   5   6   7   8   9  10  11  12  13  14  15  16  17  18  19  20  21  22  23
+                                                                                                        H        H        L        L

  7   300 378 423 408 349 276 213 153 104  59  30 133 231 319 387 401 369 311 245 185 130  88  68 155 0220 425 1450 403 1000  30 2155  64
 30   295 383 424 403 331 257 186 129  80  40  26 112 218 311 381 393 349 282 220 164 111  69  53 121 0210 425 1442 396 0938  20 2141  49
 22     5  -5  -1   5  18  19  27  24  24  19   4  21  13   8   6   8  20  29  25  21  19  19  15  34        0        7       10       15


  7   250 332 394 422 401 337 268 204 146 100  58  69 166 256 336 398 426 377 344 277 216 164 123 121 0300 422 1610 426 1035  47 2245 112
 31   230 311 385 410 379 306 232 163 111  67  29  36 122 209 301 367 385 348 288 225 170 117  79  73 0256 410 1549 386 1020  26 2234  67
 23    20  21   9  12  22  31  36  41  35  33  29  33  44  47  35  31  41  29  56  52  46  47  44  48       12       40       21       45


  8   211 293 371 426 448 438 369 278 238 175 124  88 120 184 288 366 415 451 434 383 320 246 188 138 0440 452 1730 462 1115  84 2425 105
  1   143 223 302 372 396 369 304 227 158 105  61  22  35 100 179 275 349 385 367 313 250 189 133  92 0358 396 1709 386 1115  20 2338  82
 24    68  70  69  54  52  69  65  51  80  70  63  66  85  84 109  91  66  66  67  70  70  57  55  46       56       76       64       23
                                                              MAX                                                                             

  8   115 130 197 253 326 402 412 364 290 230 173 125  83  51  74 165 260 340 403 416 380 309 250 197 0530 416 1850 418 1320  44         
  2    85 128 190 277 352 388 377 319 241 168 109  60  18  19  61 139 242 335 397 400 353 286 214 153 0515 390 1833 405 1229  13         
 25    30   2   7 -24 -26  14  35  45  49  62  64  65  65  32  13  26  18   5   6  16  27  23  36  44       26       13       31         
                      MIN                                                                                                                     





1
        S.N. 72825      5612      7  30     RUIAN               Lon  12038   Lat  2748    Lev   225    JW   560    H.G.Y.1973


        0   1   2   3   4   5   6   7   8   9  10  11  12  13  14  15  16  17  18  19  20  21  22  23
+                                                                                                        H        H        L        L

  7   406 470 482 447 375 286 220 162 113  75 142 250 341 418 463 459 412 340 267 208 156 120 160 258 0145 487 1425 468 1920  69 2120 119
 30   354 418 428 376 296 213 139  75  32  10  66 174 274 360 401 385 321 246 179 117  62  36  82 194 0139 432 1413 402 0846   8 2051  35
 23    52  52  54  71  79  73  81  87  81  65  76  76  67  58  62  74  91  94  88  91  94  84  78  64       55       66       61       84


  7   353 423 474 479 440 371 285 216 162 115  93 181 283 366 438 483 485 437 375 304 244 199 188 224 0240 483 1530 494 0950  92 2220 183
 31   283 359 406 403 344 267 190 123  68  29  18  81 171 263 343 388 376 320 251 189 130  81  60 112 0226 411 1517 390 0939  13 2146  58
 24    70  64  68  76  96 104  95  93  94  86  75 100 112 103  95  95 109 117 124 115 114 118 128 112       72      104       79      125


  8   311 397 457 492 509 478 400 320 249 190 152 122 219 289 398 467 501 503 451 393 317 258 208 177 0340 514 1610 513 1100 122 2255 172
  1   201 277 344 389 386 334 261 186 122  71  29  19  68 146 234 320 381 386 342 277 215 155 103  78 0325 394 1636 390 1040  16 2256  78
 25   110 120 113 103 123 144 139 134 127 119 123 103 151 143 164 147 120 117 109 116 102 103 105  99      120      123      106       94
                                                              MAX                                                                             

  8   193 250 302 352 418 457 446 372 299 227 163 112  70  82 179 277 365 435 459 438 386 323 260 190 0525 463 1815 462 1240  58         
  2   110 176 249 322 376 384 347 277 200 133  78  29   8  39 107 196 302 385 414 381 317 248 181 120 0440 387 1758 414 1154   7         
 26    83  74  53  30  42  73  99  95  99  94  85  83  62  43  72  81  63  50  45  57  69  75  79  70       76       48       51         
                  MIN                                                                                                                         




1
        S.N. 72915      5612      7  30     AOJIANG             Lon  12034   Lat  2736    Lev   239    JW   560    H.G.Y.1974


        0   1   2   3   4   5   6   7   8   9  10  11  12  13  14  15  16  17  18  19  20  21  22  23
+                                                                                                        H        H        L        L

  7   480 489 489 459 390 295 231 188 137 105  84 157 309 429 472 468 419 343 273 215 166 130 106 211 0140 493 1435 476 1040  74 2208 105
 30   392 430 433 385 307 224 152  98  66  45  73 182 304 392 421 395 337 257 185 129  86  62  84 195 0132 438 1401 421 0855  45 2101  62
 23    88  59  56  74  83  71  79  90  71  60  11 -25   5  37  51  73  82  86  88  86  80  68  22  16       55       55       29       43


  7   357 430 476 488 456 376 292 220 164 127 100  82 257 369 451 493 500 449 391 327 266 206 190 189 0240 498 1535 519 1105  82 2150 168
 31   320 388 422 413 356 279 205 138  91  64  49  88 180 284 374 409 389 333 261 198 143 102  80 114 0217 424 1507 410 0946  48 2153  79
 24    37  42  54  75 100  97  87  82  73  63  51  -6  77  85  77  84 111 116 130 129 123 104 110  75       74      109       34       89


  8   298 417 476 511 536 487 419 312 256 197 148 126 172 298 404 489 507 475 463 425 325 250 212 175 0400 536 1615 537 1151 104 2414 120
  1   210 301 370 411 398 341 271 201 135  91  62  49  80 150 249 348 400 395 347 286 223 165 118  93 0315 413 1624 405 1048  48 2259  93
 25    88 116 106 100 138 146 148 111 121 106  86  77  92 148 155 141 107  80 116 139 102  85  94  82      123      132       56       27
                                                              MAX                                                                             

  8   128 212 299 361 402 445 455 379 283 220 168 119 101  82  70 167 322 431 451 444 376 316 264 200 0545 465 1830 465 1432  66         
  2   120 181 260 347 399 392 344 283 213 143  95  59  41  54 107 205 319 402 417 381 325 256 188 129 0423 403 1747 418 1205  41         
 26     8  31  39  14   3  53 111  96  70  77  73  60  60  28 -37 -38   3  29  34  63  51  60  76  71       62       47       25         
                                                                  MIN                                                                         







         S.N. 74105      5612      7  31     SHACHENG            Lon  12025   Lat  2710    Lev   723    JW  1020    H.G.Y.1975


        0   1   2   3   4   5   6   7   8   9  10  11  12  13  14  15  16  17  18  19  20  21  22  23
+                                                                                                        H        H        L        L

  7   803 868 910 905 870 792 719 635 584 564 587 634 724 803 875 913 910 886 825 761 698 658 657 695 0215 914 1530 920 0830 560 2115 652
 31   772 846 890 893 852 778 692 606 539 513 537 598 683 769 836 871 867 825 761 688 622 587 593 633 0234 897 1522 874 0901 513 2121 584
 23    31  22  20  12  18  14  27  29  45  51  50  36  41  34  39  42  43  61  64  73  76  71  64  62       17       46       47       68


  8   746 821 890 930 940 910 852 760 694 644 608 615 668 755 832 888 940 942 920 860 795 723 670 654 0330 945 1615 954 0945 608 2230 613
  1   697 771 836 875 879 843 778 697 613 548 521 535 586 665 750 821 866 874 846 793 724 658 617 610 0335 882 1643 875 1009 520 2243 609
 24    49  50  54  55  61  67  74  63  81  96  87  80  82  90  82  67  74  68  74  67  71  65  53  44       63       79       88        4
                                          MAX                                                                                                 

  8   670 694 746 795 838 853 849 793 711 618 539 497 503 548 626 715 800 856 877 856 877 817 739 680 0530 856 1800 877 1130 480         
  2   634 687 754 817 861 874 849 793 714 627 556 516 514 556 633 724 807 869 894 880 831 758 685 630 0450 875 1808 894 1132 509         
 25    36   7  -8 -22 -23 -21   0   0  -3  -9 -17 -19 -11  -8  -7  -9  -7 -13 -17 -24  46  59  54  50      -19      -17      -29         
                                                                                                                             MIN              

  8    --  --  --  --  --  --  --  --  --  --  --  --  --  --  --  --  --  --  --  --  --  --  --  --   --  --   --  --   --  --   --  --
  3   604 614 661 729 799 855 882 867 815 731 636 552 494 477 516 599 702 804 884 923 915 863 780 693 0608 882 1919 925 0013 603 1247 476
 26    --  --  --  --  --  --  --  --  --  --  --  --  --  --  --  --  --  --  --  --  --  --  --  --       --       --       --       --




1
        S.N. 73806      5612      7  31     BAIYANT             Lon  11927   Lat  2558    Lev   276    JW   548    H.G.Y.1976


        0   1   2   3   4   5   6   7   8   9  10  11  12  13  14  15  16  17  18  19  20  21  22  23
+                                                                                                        H        H        L        L

  7   165 255 345 409 450 453 415 352 301 242 180 131 102 165 260 349 414 455 467 431 381 322 255 236 0435 458 1800 467 1200 102         
 31   132 213 309 394 438 438 403 351 278 207 143  97  72 108 195 297 379 417 410 376 325 267 201 144 0429 444 1720 420 1154  72         
 24    33  42  36  15  12  15  12   1  23  35  37  34  30  57  65  52  35  38  57  55  56  55  54  92       14       47       30         


  8   183 223 302 376 438 476 476 451 395 320 255 200 150 133 220 295 372 428 463 472 425 368 295 233 0555 481 1850 475 0000 183 1250 132
  1   121 142 205 285 368 413 413 382 334 267 201 135  85  60  90 161 261 350 399 404 381 340 289 220 0529 419 1840 405 0001 121 1257  60
 25    62  81  97  91  70  63  63  69  61  53  54  65  65  73 130 134 111  78  64  68  44  28   6  13       62       70       62       72
                                                                  MAX                                                                         

  8   185 147 150 222 290 340 375 387 369 331 261 195 125  57  13  34 140 242 324 377 386 363 307 241 0700 387 1935 387 0140 138 1430   2
  2   160 131 141 181 254 341 391 401 381 338 277 212 144  87  56  71 129 232 330 394 414 404 373 323 0649 401 2010 415 0114 130 1410  56
 26    25  16   9  41  36  -1 -16 -14 -12  -7 -16 -17 -19 -30 -43 -37  11  10  -6 -17 -28 -41 -66 -82      -14      -28        8      -54
                                                                                                  MIN                                         

  8    --  --  --  --  --  --  --  --  --  --  --  --  --  --  --  --  --  --  --  --  --  --  --  --   --  --   --  --   --  --   --  --
  3   250 186 146 139 160 235 326 384 409 400 360 300 234 165 102  64  61 110 220 326 405 440 441 410 0813 409 2132 444 0245 138 1533  56
 27    --  --  --  --  --  --  --  --  --  --  --  --  --  --  --  --  --  --  --  --  --  --  --  --       --       --       --       --





         S.N. 74229      5612      7  30     CHONGWU             Lon  11856   Lat  2453    Lev   452    JW   780    H.G.Y.1976


        0   1   2   3   4   5   6   7   8   9  10  11  12  13  14  15  16  17  18  19  20  21  22  23
+                                                                                                        H        H        L        L

  7   374 477 568 633 653 628 545 446 355 283 247 264 333 412 512 592 634 630 580 495 415 342 300 302 0335 653 1615 638 1000 247 2215 294
 30   387 491 583 647 664 624 537 432 335 263 231 250 317 413 509 586 628 620 562 474 385 315 275 279 0348 665 1620 631 1007 231 2224 271
 22   -13 -14 -15 -14 -11   4   8  14  20  20  16  14  16  -1   3   6   6  10  18  21  30  27  25  23      -12        7       16       23


  7   345 424 517 600 650 657 618 538 445 357 298 273 291 355 425 545 620 662 655 614 535 465 404 367 0430 660 1710 665 1100 273 2250 367
 31   330 415 507 586 635 639 592 506 406 317 253 228 251 317 405 494 566 605 599 551 477 399 335 299 0434 644 1722 608 1101 228 2325 295
 23    15   9  10  14  15  18  26  32  39  40  45  45  40  38  20  51  54  57  56  63  58  66  69  68       16       57       45       72


  8   374 414 488 578 647 688 693 658 575 475 394 329 300 318 377 467 561 634 676 658 620 550 464 390 0515 695 1750 676 1145 300         
  1   302 347 420 502 572 615 617 574 495 403 316 253 226 243 300 381 466 540 587 595 563 502 430 366 0532 622 1841 597 1206 226         
 24    72  67  68  76  75  73  76  84  80  72  78  76  74  75  77  86  95  94  89  63  57  48  34  24       73       79       74         
                                                                      MAX                                                                     

  8   350 345 378 442 512 575 602 605 565 503 415 331 252 217 218 267 320 418 499 562 580 560 530 438 0640 612 1945 580 0040 340 1305 215
  2   323 316 347 409 483 552 599 610 577 507 417 328 257 220 225 272 349 437 522 584 611 594 541 469 0644 611 2006 611 0041 314 1322 217
 25    27  29  31  33  29  23   3  -5 -12  -4  -2   3  -5  -3  -7  -5 -29 -19 -23 -22 -31 -34 -11 -31        1      -31       26       -2
                                                                                          MIN                                                 

