

1
        S.N.   122      5622      9   4     QINHUANG            Lon  11937   Lat  3955    Lev    89    JW   220    H.G.Y.1975


        0   1   2   3   4   5   6   7   8   9  10  11  12  13  14  15  16  17  18  19  20  21  22  23
+                                                                                                        H        H        L        L

  9   159 156 135 107  90  93 110 123 145 141 155 163 166 175 165 154 157 185 203 204 197 184 160 149 1240 180 1910 211 0430  89 1510 153
  4   121 109  90  71  58  53  59  73  87  96 106 121 136 140 135 130 132 139 147 154 156 148 135 128 1256 140 1942 156 0458  53 1509 130
 30    38  47  45  36  32  40  51  50  58  45  49  42  30  35  30  24  25  46  56  50  41  36  25  21       40       55       36       23


  9   156 159 142 126 106 100  98  --  --  --  -- 151 165 178 192 168 159 163 163 171 181 196 196 192 1400 192 2210 200 0530  93 1610 150
  5   130 129 115  95  77  67  65  74  89 101 107 115 130 143 141 130 122 123 129 138 147 150 142 131 1324 144 2044 150 0539  64 1624 121
 HM    26  30  27  31  29  33  33  --  --  --  --  36  35  35  51  38  37  40  34  33  34  46  54  61       48       50       29       29
                                                                                                  MAX                                         

  9   188 193 187 165 139 122 111 110 115 111 101  82  75  83  97  95  79  62  57  60  77 100 111 121 1430 100          1200  75 1830  45
  6   131 137 135 119  99  84  78  81  93 108 115 117 124 138 146 138 122 112 112 118 129 139 142 134 1400 146 2142 142 0611  78 1730 111
 02    57  56  52  46  40  38  33  29  22   3 -14 -35 -49 -55 -49 -43 -43 -50 -55 -58 -52 -39 -31 -13      -46                -3      -66
                                                                                                                                      MIN     

  9    --  --  --  --  --  --  --  --  --  --  --  --  --  --  --  --  --  --  --  --  --  --  --  --   --  --   --  --   --  --   --  --
  7   127 132 140 135 118 100  92  91  98 112 123 125 123 129 141 143 129 110  99  99 106 118 129 130 0206 140 1438 144 0004 127 0633  90
 03    --  --  --  --  --  --  --  --  --  --  --  --  --  --  --  --  --  --  --  --  --  --  --  --       --       --       --       --




1
        S.N.     0      5622      9   2     LIUMI               Lon  11744   Lat  3859    Lev   257    JW   470    H.G.Y.1955


        0   1   2   3   4   5   6   7   8   9  10  11  12  13  14  15  16  17  18  19  20  21  22  23
+                                                                                                        H        H        L        L

  9   379 346 366 254 201 151 109  97 117 173 253 322 380 402 392 369 336 298 267 243 237 261 313 373 1305 402          0655  97 1940 230
  2   395 370 329 281 231 183 146 133 150 199 269 335 382 404 401 377 344 306 270 247 244 269 316 366 1321 406          0656 133 1935 242
 28   -16 -24  37 -27 -30 -32 -37 -36 -33 -26 -16 -13  -2  -2  -9  -8  -8  -8  -3  -4  -7  -8  -3   7       -4               -36      -12
                                                                                                                                          

  9   403 405 384 342 289 226 172 121 103 117 180 268 348 416 440 429 399 351 303 245 209 209 242 317 0035 406 1400 440 0745 103 2040 203
  3   398 406 387 346 294 238 181 134 110 122 176 256 335 394 421 414 383 341 292 246 212 206 236 296 0048 406 1417 423 0809 109 2040 204
 29     5  -1  -3  -4  -5 -12  -9 -13  -7  -5   4  12  13  22  19  15  16  10  11  -1  -3   3   6  21        0       17       -6       -1


  9   373 419 425 429 393 334 264 196 135 107 133 190 272 351 415 429 416 371 327 273 229 214 233 281 0210 434 1455 429 0850 105 2125 211
  4   360 405 421 401 355 298 234 171 118  92 109 174 265 352 413 435 417 376 322 264 212 176 176 221 0156 421 1503 435 0906  91 2130 171
 30    13  14   4  28  38  36  30  25  17  15  24  16   7  -1   2  -6  -1  -5   5   9  17  38  57  60       13       -6       14       40


  9   352 433 465 460 429 381 322 253 196 145 119 152 226 324 434 495 497 464 412 351 276 217 174 169 0215 466 1540 504 0955 119 2235 166
  5   295 370 422 437 411 359 296 227 162 110  90 120 198 294 381 435 443 411 359 296 232 178 149 163 0252 437 1542 445 0954  89 2210 148
 HM    57  63  43  23  18  22  26  26  34  35  29  32  28  30  53  60  54  53  53  55  44  39  25   6       29       59       30       18
          MAX                                                                                                                                 




         S.N. 37950      5622      9   4     YANGJIAO            Lon  11852   Lat  3716    Lev   321    JW   550    H.G.Y.1952


        0   1   2   3   4   5   6   7   8   9  10  11  12  13  14  15  16  17  18  19  20  21  22  23
+                                                                                                        H        H        L        L

  9   422 407 386 364 336 313 293 282 317 337 340 338 337 338 328 310 291 290 290 292 338 376 407 431 1000 340 2500 456 0645 282 1945 219
  4   399 376 351 329 308 289 282 294 315 332 337 329 315 305 304 303 291 277 279 304 338 365 385 401 0952 337 2341 405 0552 282 1722 276
 29    23  31  35  35  28  24  11 -12   2   5   3   9  22  33  24   7   0  13  11 -12   0  11  22  30        3       51        0      -57


  9   448 456 452 444 438 422 405 386 376 393 417 427 435 435 433 435 432 417 395 372 368 396 419 435 1215 436          0745 376 1930 367
  5   404 389 365 343 323 300 280 278 299 328 350 356 347 331 319 315 309 292 274 278 305 338 363 382 1055 356          0634 276 1819 273
 30    44  67  87 101 115 122 125 108  77  65  67  71  88 104 114 120 123 125 121  94  63  58  56  53       80               100       94
                              MAX                                                                                                             

  9   443 445 435 423 404 380 357 336 322 318 345 370 380 374 353 331 314 299 286 275 267 263 274 318 0130 377 1200 380 0830 316 2115 262
  6   395 392 373 350 331 312 288 273 282 312 346 369 375 365 346 331 324 313 291 275 282 312 343 364 0020 396 1153 375 0708 273 1911 274
 HM    48  53  62  73  73  68  69  63  40   6  -1   1   5   9   7   0 -10 -14  -5   0 -15 -49 -69 -46      -19        5       43      -12
                                                                                              MIN                                             

  9   351 375 373 343 318 304 291 278 268 262 300 344 376 398 402 384 352 326 306 290 276 266 293 328 0215 408 1345 403 0900 262 2145 263
  7   379 385 375 354 333 317 297 275 270 292 330 364 387 392 380 357 339 329 313 290 277 290 321 349 0052 385 1248 393 0741 269 1959 277
 02   -28 -10  -2 -11 -15 -13  -6   3  -2 -30 -30 -20 -11   6  22  27  13  -3  -7   0  -1 -24 -28 -21       23       10       -7      -14



         S.N.     0      5622      9   4     QINGDAOJ            Lon  12019   Lat  3605    Lev   242    JW   525    H.G.Y.1979


        0   1   2   3   4   5   6   7   8   9  10  11  12  13  14  15  16  17  18  19  20  21  22  23
+                                                                                                        H        H        L        L

  9   143 249 361 444 473 437 370 308 250 182 125 121 173 267 368 443 467 426 348 276 215 142  76  48 0355 473 1550 469 1035 115 2254  47
  4   133 234 340 419 447 420 364 305 243 176 125 121 170 255 349 423 447 411 337 261 191 118  53  27 0400 447 1554 447 1035 116 2254  27
 29    10  15  21  25  26  17   6   3   7   6   0   0   3  12  19  20  20  15  11  15  24  24  23  21       26       22       -1       20


  9    89 190 316 426 489 481 441 372 314 256 180 141 160 216 304 396 457 450 383 295 222 171 136  96 0421 501 1620 463 1120 138 2359  62
  5    64 152 265 373 444 450 401 334 272 206 136  92 105 174 274 375 445 454 399 317 240 170  96  35 0436 454 1638 458 1116  90 2337  23
 30    25  38  51  53  45  31  40  38  42  50  44  49  55  42  30  21  12  -4 -16 -22 -18   1  40  61       47        5       48       39


  9    63 106 232 369 474 533 517 442 353 262 173  99  67  99 183 295 398 463 461 401 321 244 169  90 0516 536 1731 471 1202  66         
  6    27  85 188 305 405 455 434 368 298 236 168 100  70 105 192 300 399 457 446 377 294 224 155  82 0512 456 1720 461 1157  70         
 HM    36  21  44  64  69  78  83  74  55  26   5  -1  -3  -6  -9  -5  -1   6  15  24  27  20  14   8       80       10       -4         
                              MAX                                                                                                             

  9    41  51 119 224 342 430 449 398 313 242 185 118  52  46 113 216 332 429 473 447 378 306 248 183 0543 455 1807 474 0022  36 1235  78
  7    35  50 127 235 346 428 449 405 332 266 206 137  78  69 125 221 328 416 454 425 352 279 217 150 0549 450 1803 454 0015  33 1238  65
 02     6   1  -8 -11  -4   2   0  -7 -19 -24 -21 -19 -26 -23 -12  -5   4  13  19  22  26  27  31  33        5       20        3       13
                                                      MIN                                                                                     



1
        S.N.  6452      5622      9   4     LIANYUNG            Lon  11926   Lat  3445    Lev   293    JW   630    H.G.Y.1955


        0   1   2   3   4   5   6   7   8   9  10  11  12  13  14  15  16  17  18  19  20  21  22  23
+                                                                                                        H        H        L        L

  9    73 128 257 398 510 560 547 496 424 321 230 160 133 163 249 398 510 550 529 473 392 292 195 115 0515 560 1715 550 1200 133         
  4    64 106 212 353 473 537 543 502 421 322 231 164 132 151 238 369 487 543 534 477 388 282 182 107 0537 547 1721 548 1207 131         
 30     9  22  45  45  37  23   4  -6   3  -1  -1  -4   1  12  11  29  23   7  -5  -4   4  10  13   8       13        2        2         


  9    67  79 163 318 482 607 630 615 543 452 356 260 202 180 224 349 464 543 543 495 432 347 251 169 0606 630 1730 550 0330  62 1300 180
  5    60  53 113 242 394 509 555 541 481 388 284 194 130 106 144 256 404 521 564 538 468 371 263 165 0616 557 1807 564 0035  48 1253 106
 HM     7  26  50  76  88  98  75  74  62  64  72  66  72  74  80  93  60  22 -21 -43 -36 -24 -12   4       73      -14       14       74


  9   125 110 131 224 408 575 626 616 553 461 359 250 160  92  80 134 279 449 546 570 520 444 348 244 0630 634 1845 570 0100 110 1345  75
  6    93  52  62 145 293 444 539 560 524 449 349 247 161 105  96 158 290 443 546 569 528 451 352 247 0651 561 1851 569 0118  49 1337  91
 02    32  58  69  79 115 131  87  56  29  12  10   3  -1 -13 -16 -24 -11   6   0   1  -8  -7  -4  -3       73        1       61      -16
                          MAX                                                                                                                 

  9   145  73  50  79 195 360 488 528 512 450 342 246 163  88  56  79 183 342 493 560 554 504 428 333 0712 535 1930 567 0200  50 1415  56
  7   154  87  59  91 199 353 488 553 546 492 409 310 213 135  91 102 186 329 471 551 555 505 428 334 0724 559 1933 560 0158  59 1418  89
 03    -9 -14  -9 -12  -4   7   0 -25 -34 -42 -67 -64 -50 -47 -35 -23  -3  13  22   9  -1  -1   0  -1      -24        7       -9      -33
                                              MIN                                                                                             




         S.N. 54727      5622      9   3     YANWEI              Lon  11947   Lat  3429    Lev    72    JW   330    H.G.Y.1987


        0   1   2   3   4   5   6   7   8   9  10  11  12  13  14  15  16  17  18  19  20  21  22  23
+                                                                                                        H        H        L        L

  9  -126-100   8 138 242 290 280 234 172  88  18 -31 -53 -27  50 170 256 290 264 196 120  40 -30 -85 0515 294 1645 290 1205 -54         
  3  -115 -80  20 155 259 299 281 227 156  79  10 -35 -54 -36  39 158 257 291 263 195 109  25 -44 -87 0511 300 1703 291 1200 -54         
 28   -11 -20 -12 -17 -17  -9  -1   7  16   9   8   4   1   9  11  12  -1  -1   1   1  11  15  14   2       -6       -1        0         
          MIN                                                                                                                                 

  9  -116-130 -88  50 198 296 324 294 226 146  58 -13 -56 -73 -38  60 200 292 314 262 186 108  27 -45 0545 324 1745 314 0045-130 1245 -73
  4  -115-131 -96  22 176 283 312 279 214 134  51 -15 -55 -74 -54  39 181 287 311 268 188  96   9 -55 0558 312 1751 312 0048-132 1259 -74
 29    -1   1   8  28  22  13  12  15  12  12   7   2  -1   1  16  21  19   5   3  -6  -2  12  18  10       12        2        2        1


  9   -95-122-120 -35 140 274 354 384 390 318 226 145  61  24  20  86 174 266 316 308 240 154  81   5 0715 394 1815 324 0115-125 1330   6
  5   -91-120-139 -89  55 217 307 312 262 185  98  16 -40 -72 -90 -59  60 219 315 319 260 173  78  -7 0635 317 1833 325 0146-141 1352 -91
 30    -4  -2  19  54  85  57  47  72 128 133 128 129 101  96 110 145 114  47   1 -11 -20 -19   3  12       77       -1       16       97
                                                                  MAX                                                                         

  9   -50 -88 -90 -60  66 222 338 386 346 256 180  90  -3 -65-100-108 -68 100 242 318 312 242 166  71 0700 386 1915 324 0130 -93 1450-108
  6   -64 -94-123-133 -54 112 262 321 299 233 147  58 -15 -60 -89-103 -49  98 256 329 311 244 154  59 0713 323 1918 333 0236-140 1442-106
 HM    14   6  33  73 120 110  76  65  47  23  33  32  12  -5 -11  -5 -19   2 -14 -11   1  -2  12  12       63       -9       47       -2




1
        S.N. 69850      5622      9   3     WUSONG              Lon  12130   Lat  3124    Lev   207    JW   490    H.G.Y.1974


        0   1   2   3   4   5   6   7   8   9  10  11  12  13  14  15  16  17  18  19  20  21  22  23
+                                                                                                        H        H        L        L

  9   366 304 251 211 168 132 103 107 180 269 336 352 331 290 226 186 147 116 103 120 243 363 439 448 1050 354 2245 454 0635  97 1820 101
  3   372 319 263 216 176 141 120 112 151 246 318 350 336 298 244 203 168 143 124 122 157 275 375 424 1112 351 2327 429 0640 110 1833 118
 29    -6 -15 -12  -5  -8  -9 -17  -5  29  23  18   2  -5  -8 -18 -17 -21 -27 -21  -2  86  88  64  24        3       25      -13      -17
                                                                                          MAX                                                 

  9   430 361 291 244 191 154 129 107 112 241 345 398 385 367 305 243 206 162 129 109 101 231 355 439 1155 400 2350 457 0740 104 1950  98
  4   422 384 315 255 205 166 135 114  96 172 291 366 386 362 305 244 198 163 136 121 107 167 312 408 1157 386          0741  92 1941 103
 30     8 -23 -24 -11 -14 -12  -6  -7  16  69  54  32  -1   5   0  -1   8  -1  -7 -12  -6  64  43  31       14                12       -5


  9   457 445 386 311 257 202 158 130  99  76 221 317 365 351 324 249 176 128  83  58  39  52 246 369          1210 368 0855  74 2030  35
  5   446 431 376 298 240 191 158 135 103  98 218 341 404 408 371 299 239 191 158 135 117 101 204 351 0012 447 1234 411 0832  85 2037  93
 HM    11  14  10  13  17  11   0  -5  -4 -22   3 -24 -39 -57 -47 -50 -63 -63 -75 -77 -78 -49  42  18               -43      -11      -58
                                                                                      MIN                                                     

  9    --  --  --  --  --  --  --  --  --  --  --  --  --  --  --  --  --  --  --  --  --  --  --  --   --  --   --  --   --  --   --  --
  6   431 450 421 350 275 221 177 151 131  90 128 275 381 424 412 361 284 230 184 154 135 108 117 254 0053 450 1317 427 0900  90 2115 106
 02    --  --  --  --  --  --  --  --  --  --  --  --  --  --  --  --  --  --  --  --  --  --  --  --       --       --       --       --





         S.N. 71021      5622      9   3     ZHAPU               Lon  12105   Lat  3036    Lev   216    JW   610    H.G.Y.1955


        0   1   2   3   4   5   6   7   8   9  10  11  12  13  14  15  16  17  18  19  20  21  22  23
+                                                                                                        H        H        L        L

  9   507 428 313 214 116  44  -1   5 162 315 407 452 456 395 306 198 103  13 -29 -20 196 383 497 565 1140 462          0635 -10 1830 -37
  3   488 400 292 183  82  15  -3  10 128 278 384 443 444 385 290 185  79  -8 -45 -24 111 321 457 528 1130 451 2349 548 0604  -4 1808 -45
 28    19  28  21  31  34  29   2  -5  34  37  23   9  12  10  16  13  24  21  16   4  85  62  40  37       11                -6        8


  9   588 545 436 322 215 112  37 -16  30 242 398 480 510 524 428 325 198  97  17 -42 -44 206 383 511 0055 599 1250 527 0730 -21 1940 -52
  4   547 506 398 276 155  52 -10 -47 -20 155 318 429 488 480 396 285 164  51 -39 -80 -60 134 362 483          1222 493 0704 -47 1910 -81
 29    41  39  38  46  60  60  47  31  50  87  80  51  22  44  32  40  34  46  56  38  16  72  21  28                34       26       29
                                          MAX                                

  9   568 598 531 413 253 135  29 -46 -95 -69 192 343 426 453 430 339 226 101 -17 -91-143-123 210 413 0130 593 1315 453 0835-108 2030-154
  5   543 557 493 370 237 116  22 -35 -86  -5 213 368 473 522 490 386 260 133  21 -60-110 -55 198 406 0040 561 1306 522 0753 -87 1958-110
 30    25  41  38  43  16  19   7 -11  -9 -64 -21 -25 -47 -69 -60 -47 -34 -32 -38 -31 -33 -68  12   7       32      -69      -21      -44
                                                          MIN                                                                                 

  9    --  --  --  --  --  --  --  --  --  --  --  --  --  --  --  --  --  --  --  --  --  --  --  --   --  --   --  --   --  --   --  --
  6   502 549 546 456 327 188  74  -7 -67-102  59 282 418 509 538 478 362 225 100  -3 -76-123   2 276 0125 554 1349 540 0840-112 2046-127
 HM    --  --  --  --  --  --  --  --  --  --  --  --  --  --  --  --  --  --  --  --  --  --  --  --       --       --       --       --




1
        S.N. 71019      5622      9   3     GANPU               Lon  12053   Lat  3023    Lev   207    JW   690    H.G.Y.1975


        0   1   2   3   4   5   6   7   8   9  10  11  12  13  14  15  16  17  18  19  20  21  22  23
+                                                                                                        H        H        L        L

  9   582 520 400 262 141  41 -19 -44  12 220 365 480 517 493 408 272 144  26 -47 -79   3 278 449 590 1213 519          0710 -45 1905 -80
  3   571 520 393 241 101 -10 -69 -87 -24 155 322 438 487 485 399 264 113 -11 -86-101 -48 157 364 509 1226 493          0643 -90 1843-104
 29    11   0   7  21  40  51  50  43  36  65  43  42  30   8   9   8  31  37  39  22  51 121  85  81       26                45       24
                                                                                                                                         

  9   655 636 552 406 253 122  21 -32 -69  76 316 456 556 580 540 415 255 125  15 -57 -90 -35 256 438 0010 661 1313 580 0805 -72 2018 -94
  4   593 613 532 379 213  61 -55 -98-124 -20 196 375 495 548 521 400 245  84 -51-115-130 -45 199 402 0041 618 1309 549 0741-130 1938-136
 30    62  23  20  27  40  61  76  66  55  96 120  81  61  32  19  15  10  41  66  58  40  10  57  36       43       31       58       42
                                              MAX 

  9   579 635 606 510 325 145  25 -64-116-138 -32 237 391 500 522 463 322 160  12-102-167-194 -64 282 0113 636 1355 524 0858-138 2103-194
  5   549 628 626 500 329 160   6 -89-119-134  36 265 438 551 592 519 367 202  41 -86-127-137   6 264 0128 637 1351 593 0834-151 2033-152
 HM    30   7 -20  10  -4 -15  19  25   3  -4 -68 -28 -47 -51 -70 -56 -45 -42 -29 -16 -40 -57 -70  18       -1      -69       13      -42
                                                              MIN                                                                             

  9   475 618 661 606 474 303 133  -5-100-134-119 176 406 560 635 618 518 332 177  26 -85-138-134  92 0155 663 1410 639 0928-138 2133-146
  6   450 585 648 602 435 257  91 -52-113-141-104 127 340 499 597 609 486 317 148  -5-107-132-116  91 0204 649 1435 620 0855-141 2106-132
 02    25  33  13   4  39  46  42  47  13   7 -15  49  66  61  38   9  32  15  29  31  22  -6 -18   1       14       19        3      -14




         S.N. 72195      5622      9   2     ZHENHAIS            Lon  12143   Lat  2957    Lev   209    JW   420    H.G.Y.1960


        0   1   2   3   4   5   6   7   8   9  10  11  12  13  14  15  16  17  18  19  20  21  22  23
+                                                                                                        H        H        L        L

  9    --  --  --  --  --  --  --  --  --  --  --  --  --  --  --  --  --  --  --  --  --  --  --  --   --  --   --  --   --  --   --  --
  2   256 215 177 158 162 183 214 243 256 256 248 223 184 144 110  95 111 154 212 270 311 333 346 338 0829 258 2206 346 0319 157 1459  95
 27    --  --  --  --  --  --  --  --  --  --  --  --  --  --  --  --  --  --  --  --  --  --  --  --       --       --       --       --


  9   330 292 249 197 169 179 223 266 293 299 314 308 271 218 183 144 121 141 209 284 325 350 395 406 1030 322 2245 413 0400 169 1610 120
  3   302 255 208 166 144 150 183 229 262 273 276 271 239 191 145 105  86 102 152 222 284 317 339 356 0952 276 2303 356 0416 143 1603  86
 28    28  37  41  31  25  29  40  37  31  26  38  37  32  27  38  39  35  39  57  62  41  33  56  50       46       57       26       34
                                                                                  MAX                                                         

  9   371 330 284 231 172 152 178 224 270 287 287 328 311 258 205 160 113  87 111 189 261 290 311 358 1120 337 2340 375 0450 151 1710  87
  4   342 297 247 199 155 133 148 198 253 281 287 296 290 248 193 145 103  82 102 164 243 296 318 342 1106 296 2355 359 0505 132 1700  82
 29    29  33  37  32  17  19  30  26  17   6   0  32  21  10  12  15  10   5   9  25  18  -6  -7  16       41       16       19        5


  9   364 328 272 225 173 126 106 150 207 258 267 271 307 284 235 172 124  78  65  96 198 293 329 352 1220 312          0550 105 1800  65
  5   359 335 281 231 185 141 125 157 223 277 292 299 315 302 248 191 144 102  85 115 189 266 302 315 1203 315          0550 125 1751  84
 30     5  -7  -9  -6 -12 -15 -19  -7 -16 -19 -25 -28  -8 -18 -13 -19 -20 -24 -20 -19   9  27  27  37       -3               -20      -19
                                                  MIN                                                                                         





         S.N. 72452      5622      9   1     HAIMENZ             Lon  12127   Lat  2841    Lev   214    JW   560    H.G.Y.1965


        0   1   2   3   4   5   6   7   8   9  10  11  12  13  14  15  16  17  18  19  20  21  22  23
+                                                                                                        H        H        L        L

  9   108 148 208 278 329 356 344 296 234 157  94  46  10  -4  74 162 263 368 422 413 357 284 206 139 0525 357 1825 427 1255  -5         
  1   101 138 201 275 333 360 342 289 216 144  83  38  13  23  68 152 262 363 419 407 348 266 192 131 0506 360 1819 422 1213  12         
 26     7  10   7   3  -4  -4   2   7  18  13  11   8  -3 -27   6  10   1   5   3   6   9  18  14   8       -3        5      -17         
                                                          MIN                                                                                 

  9    88  55  94 176 263 335 385 391 337 264 184 110  55  11 -19  38 138 263 397 469 470 399 308 221 0640 395 1935 485 0120  53 1425 -25
  2    81  61  87 158 257 338 392 392 341 255 171 100  42   0  -3  30 132 259 386 462 456 380 285 200 0630 398 1925 469 0055  61 1337  -6
 27     7  -6   7  18   6  -3  -7  -1  -4   9  13  10  13  11 -16   8   6   4  11   7  14  19  23  21       -3       16       -8      -19


  9   148  87  47  83 186 297 390 453 457 397 306 205 132  71  32   3  84 200 348 481 552 530 444 332 0745 465 2015 556 0230  40 1515   1
  3   127  62  34  49 140 258 359 434 442 378 277 183 108  44   2 -21  15 137 278 425 505 482 384 276 0736 447 2016 509 0209  33 1453 -21
 28    21  25  13  34  46  39  31  19  15  19  29  22  24  27  30  24  69  63  70  56  47  48  60  56       18       47        7       22


  9   249 174 118  84 138 241 364 469 515 500 433 308 206 148 102  74  54  81 242 398 512 547 490 374 0820 517 2050 553 0310  81 1630  47
  4   187 112  52  16  29 147 274 394 478 475 387 276 179 105  48   8 -31  31 165 320 471 532 474 358 0827 487 2100 532 0313  15 1553 -31
 29    62  62  66  68 109  94  90  75  37  25  46  32  27  43  54  66  85  50  77  78  41  15  16  16       30       21       66       78
                      MAX                                                                                                                     





         S.N. 72608      5622      9   2     WENZHOU2            Lon  12039   Lat  2802    Lev   237    JW   580    H.G.Y.1987


        0   1   2   3   4   5   6   7   8   9  10  11  12  13  14  15  16  17  18  19  20  21  22  23
+                                                                                                        H        H        L        L

  9   187 135  90  72 178 275 364 426 438 379 306 231 174 120  74  32   4 141 267 399 489 503 426 344 0750 443 2050 508 0250  66 1600   4
  2   162 109  71  78 139 252 357 430 438 384 292 209 139  78  25   6  19 110 249 389 483 494 426 330 0738 443 2038 499 0220  69 1504   5
 27    25  26  19  -6  39  23   7  -4   0  -5  14  22  35  42  49  26 -15  31  18  10   6   9   0  14        0        9       -3       -1


  9   271 208 153 105  73 189 296 409 485 506 437 349 276 215 158 109  70  72 216 378 526 595 583 520 0840 509 2130 591 0400  73 1645  49
  3   245 178 113  67  55 119 256 380 467 480 417 317 232 160  98  46  11   6 118 273 425 519 516 427 0840 484 2128 529 0339  51 1632  -5
 28    26  30  40  38  18  70  40  29  18  26  20  32  44  55  60  63  59  66  98 105 101  76  67  93       25       62       22       54


  9   438 370 303 259 222 203 325 483 607 644 587 521 463 411 366 338 322 309 307 373 546 615 597 530 0855 646 2120 617 0500 203 1815 306
  4   329 244 178 115  70  41 127 281 416 504 508 424 322 238 168 111  70  13  21 160 321 469 543 507 0932 517 2210 545 0445  37 1722   8
 29   109 126 125 144 152 162 198 202 191 140  79  97 141 173 198 227 252 296 286 213 225 146  54  23      129       72      166      298
                                  MAX     

  9   463 398 344 303 300 244 224 270 469 561 551 494 421 355 299 256 226 207 193 186 360 534 598 575 0925 567 2210 598 0630 216 1905 186
  5   402 308 227 166 117  66  39 162 323 459 535 514 409 313 229 165 118  81  16  70 227 383 508 548 1017 539 2250 549 0540  32 1802  15
 30    61  90 117 137 183 178 185 108 146 102  16 -20  12  42  70  91 108 126 177 116 133 151  90  27       28       49      184      171
                                                  MIN                                                                                         




         S.N. 74105      5622      9   2     SHACHENG            Lon  12025   Lat  2710    Lev   723    JW  1020    H.G.Y.1975


        0   1   2   3   4   5   6   7   8   9  10  11  12  13  14  15  16  17  18  19  20  21  22  23
+                                                                                                        H        H        L        L

  9   600 570 592 651 736 830 895 927 915 848 747 644 542 474 465 524 633 764 881 958 985 963 897 788 0715 929 1945 985 0100 570 1345 461
  2   609 576 592 650 731 817 885 914 897 834 737 630 533 469 463 520 624 747 861 940 969 942 865 761 0707 914 2000 969 0110 575 1335 457
 27    -9  -6   0   1   5  13  10  13  18  14  10  14   9   5   2   4   9  17  20  18  16  21  32  27       15       16       -5        4


  9   681 596 591 642 752 862 946 990 976 902 797 685 578 490 478 490 584 701 853 985105010851040 975 0700 990 21151090 0115 576 1345 478
  3   655 571 533 556 631 733 838 917 950 928 852 739 616 505 435 437 512 635 775 898 976 996 950 854 0806 951 2047 997 0206 532 1428 427
 28    26  25  58  86 121 129 108  73  26 -26 -55 -54 -38 -15  43  53  72  66  78  87  74  89  90 121       39       93       44       51
                          MAX                 MIN                                                                                             

  9   829 680 626 555 547 644 776 913 9851035 981 879 764 616 477 407 426 505 671 824 94710061003 928 08451035 21301020 0330 532 1515 402
  4   733 614 523 494 537 635 758 874 956 983 947 852 724 590 474 412 433 531 673 821 94010061006 937 0855 983 21291014 0254 493 1514 410
 29    96  66 103  61  10   9  18  39  29  52  34  27  40  26   3  -5  -7 -26  -2   3   7   0  -3  -9       52        6       39       -8


  9   808 668 532 432 415 507 624 760 886 971 986 926 804 665 526 412 377 423 540 701 848 9571014 986 0930 989 22001014 0330 412 1600 377
  5   821 689 563 478 469 538 659 796 915 9901003 946 835 698 560 450 408 456 575 727 871 9761021 995 09411006 22071022 0337 463 1558 408
 30   -13 -21 -31 -46 -54 -31 -35 -36 -29 -19 -17 -20 -31 -33 -34 -38 -31 -33 -35 -26 -23 -19  -7  -9      -17       -8      -51      -31




1
        S.N. 73806      5622      9   2     BAIYANT             Lon  11927   Lat  2558    Lev   276    JW   548    H.G.Y.1976


        0   1   2   3   4   5   6   7   8   9  10  11  12  13  14  15  16  17  18  19  20  21  22  23
+                                                                                                        H        H        L        L

  9   305 235 171 122 104 190 290 373 423 444 431 383 308 243 176 115  59  38 160 280 387 454 491 482 0920 447 2225 494 0345  99 1650  35
  2   318 242 180 139 120 155 254 340 404 432 424 374 303 229 160  98  58  55 144 262 365 439 476 465 0917 433 2215 477 0350 120 1631  45
 28   -13  -7  -9 -17 -16  35  36  33  19  12   7   9   5  14  16  17   1 -17  16  18  22  15  15  17       14       17      -21      -10
                                                                                                                             MIN              

  9   425 343 275 212 148 115 215 323 410 476 512 505 450 374 305 240 175 132 186 325 423 509 564 579 1025 513 2245 582 0455 113 1725 126
  3   406 330 256 189 137 102 148 259 352 427 464 456 392 315 245 176 112  54  52 162 282 388 465 503 1019 467 2302 503 0455 102 1731  39
 29    19  13  19  23  11  13  67  64  58  49  48  49  58  59  60  64  63  78 134 163 141 121  99  76       46       79       11       87
                                                                                  MAX                                                         

  9   540 456 380 315 243 186 150 235 350 447 499 519 473 396 318 258 198 143  89 131 278 396 496 527 1100 519 2320 528 0605 148 1830  78
  4   471 396 321 252 185 126  86 161 281 378 456 496 473 391 311 246 181 115  44  68 201 318 420 494 1108 497 2346 518 0550  85 1814  41
 30    69  60  59  63  58  60  64  74  69  69  43  23   0   5   7  12  17  28  45  63  77  78  76  33       22       10       63       37


  9    --  --  --  --  --  --  --  --  --  --  --  --  --  --  --  --  --  --  --  --  --  --  --  --   --  --   --  --   --  --   --  --
  5   516 456 369 298 235 173 104  79 191 314 412 487 521 475 380 298 237 175 103  35 107 252 363 454 1155 521          0640  72 1859  35
 HM    --  --  --  --  --  --  --  --  --  --  --  --  --  --  --  --  --  --  --  --  --  --  --  --       --       --       --       --





         S.N. 73808      5622      9   2     MEIHUA              Lon  11941   Lat  2601    Lev   519    JW   850    H.G.Y.1968


        0   1   2   3   4   5   6   7   8   9  10  11  12  13  14  15  16  17  18  19  20  21  22  23
+                                                                                                        H        H        L        L

  9   337 281 241 252 324  -- 552 624 637 611 551 446 328 242 192 157 199 313 468 612 694 721 699 598 0740 645 2105 722 0225 235 1505 156
  2   478 398 357 360 427 537 642 722 752 730 660 553 438 338 274 249 285 401 550 691 781 801 766 679 0805 752 2052 802 0225 353 1454 249
 27  -141-117-116-108-103  -- -90 -98-115-119-109-107-110 -96 -82 -92 -86 -88 -82 -79 -87 -80 -67 -81     -107      -80     -118      -93


  9   482 347 290 241 259 340 474 620 702 748 712 630 518 404 297 235 210 275 455 621 724 785 791 729 0900 748 2140 800 0315 230 1555 209
  3   568 454 366 316 317 399 531 664 761 793 765 679 552 424 320 252 220 267 404 579 735 818 827 774 0901 793 2138 831 0329 310 1554 220
 28   -86-107 -76 -75 -58 -59 -57 -44 -59 -45 -53 -49 -34 -20 -23 -17 -10   8  51  42 -11 -33 -36 -45      -45      -31      -80      -11
                                                                              MAX                                                             

  9   619 484 355 255 204 218 286 461 617 690 716 680 548 403 276 195 131 102 176 330 527 666 729 703 1000 716 2210 731 0425 192 1710 101
  4   666 537 417 331 280 290 396 555 710 807 827 783 675 533 401 303 236 209 278 442 635 785 847 835 0948 828 2220 851 0420 276 1646 206
 29   -47 -53 -62 -76 -76 -72-110 -94 -93-117-111-103-127-130-125-108-105-107-102-112-108-119-118-132     -112     -120      -84     -105


  9   612 489 302 256 198 147 172 294 471 625 707 702 632 508 369 255 192 136 106 209 388 580 705 745 1035 716 2255 745 0525 139 1755 105
  5   757 629 491 379 301 254 286 422 604 764 845 846 781 654 505 379 291 228 219 322 508 701 826 859 1031 853 2258 859 0505 254 1734 210
 30  -145-140-189-123-103-107-114-128-133-139-138-144-149-146-136-124 -99 -92-113-113-120-121-121-114     -137     -114     -115     -105
              MIN                                                                                                                             



1
        S.N. 74229      5622      9   2     CHONGWU             Lon  11856   Lat  2453    Lev   452    JW   780    H.G.Y.1976


        0   1   2   3   4   5   6   7   8   9  10  11  12  13  14  15  16  17  18  19  20  21  22  23
+                                                                                                        H        H        L        L

  9   468 385 327 306 332 401 490 592 655 677 642 564 445 342 252 201 200 262 374 495 607 687 722 685 0850 677 2140 722 0245 306 1520 189
  2   479 392 327 300 322 386 476 566 634 661 632 551 440 329 239 189 190 248 348 466 579 663 695 664 0858 661 2200 695 0303 300 1528 183
 28   -11  -7   0   6  10  15  14  26  21  16  10  13   5  13  13  12  10  14  26  29  28  24  27  21       16       27        6        6


  9   597 487 397 322 305 333 412 532 640 732 763 717 630 496 391 281 216 242 307 426 585 678 742 740 1000 763 2215 744 0410 301 1620 204
  3   583 477 376 298 265 289 367 473 580 662 695 660 565 440 316 217 162 168 238 355 488 611 697 721 0959 695 2249 722 0404 265 1624 157
 29    14  10  21  24  40  44  45  59  60  70  68  57  65  56  75  64  54  74  69  71  97  67  45  19       68       22       36       47
                                                                                      MAX                                                     

  9   682 580 446 347 271 254 278 372 485 603 685 706 670 580 432 298 186 135 145 220 364 502 634 710 1045 706 2325 720 0425 254 1705 133
  4   672 570 450 339 257 228 268 365 489 608 696 724 674 561 422 292 192 142 163 254 387 529 653 730 1051 725 2331 741 0455 228 1712 140
 30    10  10  -4   8  14  26  10   7  -4  -5 -11 -18  -4  19  10   6  -6  -7 -18 -34 -23 -27 -19 -20      -19      -21       26       -7


  9   714 654 534 396 278 198 182 237 363 485 614 698 724 663 536 383 252 170 132 164 266 412 556 662 1145 724          0540 182 1800 132
  5   732 657 536 407 293 216 202 265 383 520 645 730 743 672 542 397 268 173 138 182 294 438 581 696 1139 748          0540 198 1756 138
 HM   -18  -3  -2 -11 -15 -18 -20 -28 -20 -35 -31 -32 -19  -9  -6 -14 -16  -3  -6 -18 -28 -26 -25 -34      -24               -16       -6
                                          MIN                                                                                                 




         S.N.   442      5622      9   2     XIAMEN              Lon  11804   Lat  2427    Lev   358    JW   700    H.G.Y.1958


        0   1   2   3   4   5   6   7   8   9  10  11  12  13  14  15  16  17  18  19  20  21  22  23
+                                                                                                        H        H        L        L

  9   427 334 273 242 261 292 339 418 493 548 565 517 411 302 215 144 124 144 217 309 405 505 586 611 0950 565 2250 611 0255 242 1600 124
  2   438 350 281 242 232 261 325 402 473 525 540 499 408 299 207 143 110 124 189 279 373 468 552 585 0946 541 2256 585 0344 231 1612 109
 27   -11 -16  -8   0  29  31  14  16  20  23  25  18   3   3   8   1  14  20  28  30  32  37  34  26       24       26       11       15


  9   555 444 351 278 231 225 271 353 447 539 616 635 583 455 341 248 173 128 142 239 346 452 554 629 1050 638 2330 638 0435 223 1715 128
  3   542 442 337 259 209 192 228 307 396 478 547 576 531 418 292 194 123  84 104 184 284 383 489 585 1053 577 2348 616 0449 191 1709  83
 28    13   2  14  19  22  33  43  46  51  61  69  59  52  37  49  54  50  44  38  55  62  69  65  44       61       22       32       45
                                              MAX                                                                                             

  9   631 533 396 300 214 167 170 224 306 393 473 553 595 546 406 258 156  85  57  94 187 283 398 511 1200 595          0525 165 1805  57
  4   614 546 421 308 229 172 158 212 308 404 494 579 612 547 410 276 180 107  71 107 203 309 410 524 1150 613          0542 155 1759  71
 29    17 -13 -25  -8 -15  -5  12  12  -2 -11 -21 -26 -17  -1  -4 -18 -24 -22 -14 -13 -16 -26 -12 -13      -18                10      -14


  9   606 623 521 362 241 164 122 130 201 299 398 500 583 611 533 378 241 138  78  64 122 224 323 432 0045 623 1250 611 0620 117 1840  63
  5   620 626 523 382 273 195 137 137 215 323 421 520 613 635 541 386 256 167  98  74 133 242 347 450 0033 637 1241 640 0629 130 1847  72
 30   -14  -3  -2 -20 -32 -31 -15  -7 -14 -24 -23 -20 -30 -24  -8  -8 -15 -29 -20 -10 -11 -18 -24 -18      -14      -29      -13       -9
                      MIN                                                                                                                     



1
        S.N.   443      5622      9   2     DONGSHAN            Lon  11732   Lat  2344    Lev   538    JW   740    H.G.Y.1960


        0   1   2   3   4   5   6   7   8   9  10  11  12  13  14  15  16  17  18  19  20  21  22  23
+                                                                                                        H        H        L        L

  9   633 580 539 504 492 507 543 578 612 646 661 648 607 546 477 422 395 410 450 493 544 600 655 673 1010 662 2320 695 0355 492 1610 395
  2   627 583 535 500 488 502 532 568 605 636 649 634 592 532 467 412 383 389 421 465 517 577 637 674 0958 649 2331 679 0356 488 1620 381
 28     6  -3   4   4   4   5  11  10   7  10  12  14  15  14  10  10  12  21  29  28  27  23  18  -1       13       16        4       14


  9   687 655 608 552 505 492 520 561 595 639 678 702 692 646 585 509 453 410 424 467 506 560 633 695 1110 705 2355 720 0445 490 1705 410
  3   675 643 591 533 487 472 490 528 568 609 649 672 659 612 545 473 410 376 385 424 471 524 591 658 1108 672          0457 472 1717 374
 29    12  12  17  19  18  20  30  33  27  30  29  30  33  34  40  36  43  34  39  43  35  36  42  37       33                18       36
                                                                      MAX                                                                     

  9   720 691 634 567 497 455 453 485 521 550 582 622 652 645 599 530 445 385 353 365 405 453 509 580          1225 658 0535 448 1815 342
  4   696 688 645 584 516 464 452 480 524 567 615 666 694 677 621 549 471 403 371 389 435 484 539 611 0019 698 1206 694 0548 451 1808 370
 30    24   3 -11 -17 -19  -9   1   5  -3 -17 -33 -44 -42 -32 -22 -19 -26 -18 -18 -24 -30 -31 -30 -31               -36       -3      -28


  9   652 686 641 612 536 464 414 408 444 490 536 590 645 674 652 593 520 442 373 357 383 427 480 533 0110 688 1305 674 0635 407 1855 357
  5   680 708 686 631 561 487 435 433 473 521 567 624 683 709 682 620 544 462 395 373 403 453 501 559 0103 708 1259 709 0632 429 1855 372
 HM   -28 -22 -45 -19 -25 -23 -21 -25 -29 -31 -31 -34 -38 -35 -30 -27 -24 -20 -22 -16 -20 -26 -21 -26      -20      -35      -22      -15
              MIN                                                                                                                             




         S.N.   201      5622      9   2     SHANTOU             Lon  11645   Lat  2320    Lev   170    JW   337    H.G.Y.1975


        0   1   2   3   4   5   6   7   8   9  10  11  12  13  14  15  16  17  18  19  20  21  22  23
+                                                                                                        H        H        L        L

  9   235 229 204 189 180 180 189 201 213 213 213 207 198 171 140 113  94  87 110 134 162 180 195 219 0825 216          0435 177 1635  85
  2   220 206 185 171 169 175 187 197 201 198 194 189 177 152 119  91  75  75  90 113 136 155 174 200 0805 201          0345 169 1629  73
 27    15  23  19  18  11   5   2   4  12  15  19  18  21  19  21  22  19  12  20  21  26  25  21  19       15                 8       12


  9   241 253 238 223 195 183 189 204 216 223 232 226 238 226 204 168 134 125 104 128 149 162 189 207 0105 253 1210 238 0510 183 1755 104
  3   224 229 211 185 166 161 167 182 196 201 198 196 197 189 164 127  95  77  77  95 121 143 159 178 0042 230 0908 201 0458 161 1728  75
 28    17  24  27  38  29  22  22  22  20  22  34  30  41  37  40  41  39  48  27  33  28  19  30  29       23       37       22       29
                                                                          MAX                                                                 

  9   229 259 250 223 186 165 149 168 183 201 201 192 186 177 186 177 137 101  67  58  82 122 149 152 0120 262 0935 204 0600 149 1855  58
  4   207 233 235 210 178 155 150 160 180 197 201 199 201 209 203 175 133  99  82  86 107 135 154 166 0133 237 1304 209 0551 150 1818  81
 29    22  26  15  13   8  10  -1   8   3   4   0  -7 -15 -32 -17   2   4   2 -15 -28 -25 -13  -5 -14       25       -5       -1      -23
                                                          MIN                                                                                 

  9    --  --  --  --  --  --  --  --  --  --  --  --  --  --  --  --  --  --  --  --  --  --  --  --   --  --   --  --   --  --   --  --
  5   185 216 240 234 200 162 140 139 155 180 197 200 199 209 222 215 181 136 103  90 100 125 151 165 0217 242 1408 222 0634 137 1904  90
 30    --  --  --  --  --  --  --  --  --  --  --  --  --  --  --  --  --  --  --  --  --  --  --  --       --       --       --       --



